0.00100 0.65249
0.00175 0.72766
0.00249 0.77617
0.00324 0.81089
0.00399 0.83697
0.00473 0.85705
0.00548 0.87266
0.00623 0.88482
0.00697 0.89420
0.00772 0.90130
0.00847 0.90648
0.00922 0.91003
0.00996 0.91217
0.01071 0.91308
0.01146 0.91291
0.01220 0.91178
0.01295 0.90980
0.01370 0.90705
0.01444 0.90361
0.01519 0.90060
0.01594 0.89780
0.01668 0.89450
0.01743 0.89072
0.01818 0.88652
0.01892 0.88192
0.01967 0.87696
0.02042 0.87167
0.02116 0.86606
0.02191 0.86016
0.02266 0.85399
0.02341 0.84758
0.02415 0.84093
0.02490 0.83407
0.02565 0.82700
0.02639 0.81975
0.02714 0.81233
0.02789 0.80643
0.02863 0.80127
0.02938 0.79598
0.03013 0.79054
0.03087 0.78498
0.03162 0.77929
0.03237 0.77349
0.03311 0.76759
0.03386 0.76157
0.03461 0.75547
0.03535 0.74927
0.03610 0.74299
0.03685 0.73663
0.03759 0.73019
0.03834 0.72755
0.03909 0.72819
0.03984 0.72876
0.04058 0.72928
0.04133 0.72973
0.04208 0.73013
0.04282 0.73048
0.04357 0.73077
0.04432 0.73101
0.04506 0.73120
0.04581 0.73134
0.04656 0.73144
0.04730 0.73149
0.04805 0.73149
0.04880 0.73145
0.04954 0.73137
0.05029 0.73125
0.05104 0.73109
0.05178 0.73089
0.05253 0.73065
0.05328 0.73038
0.05403 0.73007
0.05477 0.72972
0.05552 0.72934
0.05627 0.72893
0.05701 0.72848
0.05776 0.72801
0.05851 0.72750
0.05925 0.72696
0.06000 0.72639
0.08700 0.67746
0.11400 0.59833
0.14100 0.52613
0.16800 0.49903
0.19500 0.47663
0.22200 0.45716
0.24900 0.44741
0.27600 0.43624
0.30300 0.42395
0.33000 0.41921
0.35700 0.41390
0.38400 0.40794
0.41100 0.40668
0.43800 0.40533
0.46500 0.40359
0.49200 0.39305
0.51900 0.38122
0.54600 0.36919
0.57300 0.36392
0.60000 0.36052
