0.00100 0.32625
0.00175 0.36383
0.00249 0.38808
0.00324 0.40544
0.00399 0.41848
0.00473 0.42852
0.00548 0.43633
0.00623 0.44241
0.00697 0.44710
0.00772 0.45065
0.00847 0.45324
0.00922 0.45501
0.00996 0.45608
0.01071 0.45654
0.01146 0.45646
0.01220 0.45589
0.01295 0.45490
0.01370 0.45352
0.01444 0.45180
0.01519 0.45030
0.01594 0.44890
0.01668 0.44725
0.01743 0.44536
0.01818 0.44326
0.01892 0.44096
0.01967 0.43848
0.02042 0.43583
0.02116 0.43303
0.02191 0.43008
0.02266 0.42700
0.02341 0.42379
0.02415 0.42046
0.02490 0.41703
0.02565 0.41350
0.02639 0.40988
0.02714 0.40617
0.02789 0.40321
0.02863 0.40064
0.02938 0.39799
0.03013 0.39527
0.03087 0.39249
0.03162 0.38965
0.03237 0.38675
0.03311 0.38379
0.03386 0.38079
0.03461 0.37773
0.03535 0.37464
0.03610 0.37150
0.03685 0.36832
0.03759 0.36510
0.03834 0.36378
0.03909 0.36409
0.03984 0.36438
0.04058 0.36464
0.04133 0.36487
0.04208 0.36507
0.04282 0.36524
0.04357 0.36538
0.04432 0.36550
0.04506 0.36560
0.04581 0.36567
0.04656 0.36572
0.04730 0.36574
0.04805 0.36574
0.04880 0.36573
0.04954 0.36569
0.05029 0.36562
0.05104 0.36554
0.05178 0.36544
0.05253 0.36533
0.05328 0.36519
0.05403 0.36503
0.05477 0.36486
0.05552 0.36467
0.05627 0.36446
0.05701 0.36424
0.05776 0.36400
0.05851 0.36375
0.05925 0.36348
0.06000 0.36320
0.08700 0.33873
0.11400 0.29916
0.14100 0.26306
0.16800 0.24952
0.19500 0.23831
0.22200 0.22858
0.24900 0.22371
0.27600 0.21812
0.30300 0.21198
0.33000 0.20961
0.35700 0.20695
0.38400 0.20397
0.41100 0.20334
0.43800 0.20267
0.46500 0.20179
0.49200 0.19653
0.51900 0.19061
0.54600 0.18460
0.57300 0.18196
0.60000 0.18026
