x, y, z 
0.50001,	 0.03200,	 0.52800
0.50001,	 0.03200,	 0.52900
0.50001,	 0.03200,	 0.53000
0.50001,	 0.03200,	 0.53100
0.50001,	 0.03200,	 0.53200
0.50001,	 0.03200,	 0.53300
0.50001,	 0.03200,	 0.53400
0.50001,	 0.03200,	 0.53500
0.50001,	 0.03200,	 0.53600
0.50001,	 0.03200,	 0.53700
0.50001,	 0.03200,	 0.53800
0.50001,	 0.03200,	 0.53900
0.50001,	 0.03200,	 0.54000
0.50001,	 0.03200,	 0.54100
0.50001,	 0.03200,	 0.54200
0.50001,	 0.03200,	 0.54300
0.50001,	 0.03200,	 0.54400
0.50001,	 0.03200,	 0.54500
0.50001,	 0.03200,	 0.54600
0.50001,	 0.03200,	 0.54700
0.50001,	 0.03200,	 0.54800
0.50001,	 0.03200,	 0.54900
0.50001,	 0.03200,	 0.55000
0.50001,	 0.03200,	 0.55100
0.50001,	 0.03200,	 0.55200
0.50001,	 0.03200,	 0.55300
0.50001,	 0.03200,	 0.55400
0.50001,	 0.03200,	 0.55500
0.50001,	 0.03200,	 0.55600
0.50001,	 0.03200,	 0.55700
0.50001,	 0.03200,	 0.55800
0.50001,	 0.03200,	 0.55900
0.50001,	 0.03200,	 0.56000
0.50001,	 0.03200,	 0.56100
0.50001,	 0.03200,	 0.56200
0.50001,	 0.03200,	 0.56300
0.50001,	 0.03200,	 0.56400
0.50001,	 0.03200,	 0.56500
0.50001,	 0.03200,	 0.56600
0.50001,	 0.03200,	 0.56700
0.50001,	 0.03200,	 0.56800
0.50001,	 0.03200,	 0.56900
0.50001,	 0.03200,	 0.57000
0.50001,	 0.03200,	 0.57100
0.50001,	 0.03200,	 0.57200
0.50001,	 0.03300,	 0.52800
0.50001,	 0.03300,	 0.52900
0.50001,	 0.03300,	 0.53000
0.50001,	 0.03300,	 0.53100
0.50001,	 0.03300,	 0.53200
0.50001,	 0.03300,	 0.53300
0.50001,	 0.03300,	 0.53400
0.50001,	 0.03300,	 0.53500
0.50001,	 0.03300,	 0.53600
0.50001,	 0.03300,	 0.53700
0.50001,	 0.03300,	 0.53800
0.50001,	 0.03300,	 0.53900
0.50001,	 0.03300,	 0.54000
0.50001,	 0.03300,	 0.54100
0.50001,	 0.03300,	 0.54200
0.50001,	 0.03300,	 0.54300
0.50001,	 0.03300,	 0.54400
0.50001,	 0.03300,	 0.54500
0.50001,	 0.03300,	 0.54600
0.50001,	 0.03300,	 0.54700
0.50001,	 0.03300,	 0.54800
0.50001,	 0.03300,	 0.54900
0.50001,	 0.03300,	 0.55000
0.50001,	 0.03300,	 0.55100
0.50001,	 0.03300,	 0.55200
0.50001,	 0.03300,	 0.55300
0.50001,	 0.03300,	 0.55400
0.50001,	 0.03300,	 0.55500
0.50001,	 0.03300,	 0.55600
0.50001,	 0.03300,	 0.55700
0.50001,	 0.03300,	 0.55800
0.50001,	 0.03300,	 0.55900
0.50001,	 0.03300,	 0.56000
0.50001,	 0.03300,	 0.56100
0.50001,	 0.03300,	 0.56200
0.50001,	 0.03300,	 0.56300
0.50001,	 0.03300,	 0.56400
0.50001,	 0.03300,	 0.56500
0.50001,	 0.03300,	 0.56600
0.50001,	 0.03300,	 0.56700
0.50001,	 0.03300,	 0.56800
0.50001,	 0.03300,	 0.56900
0.50001,	 0.03300,	 0.57000
0.50001,	 0.03300,	 0.57100
0.50001,	 0.03300,	 0.57200
0.50001,	 0.03400,	 0.52800
0.50001,	 0.03400,	 0.52900
0.50001,	 0.03400,	 0.53000
0.50001,	 0.03400,	 0.53100
0.50001,	 0.03400,	 0.53200
0.50001,	 0.03400,	 0.53300
0.50001,	 0.03400,	 0.53400
0.50001,	 0.03400,	 0.53500
0.50001,	 0.03400,	 0.53600
0.50001,	 0.03400,	 0.53700
0.50001,	 0.03400,	 0.53800
0.50001,	 0.03400,	 0.53900
0.50001,	 0.03400,	 0.54000
0.50001,	 0.03400,	 0.54100
0.50001,	 0.03400,	 0.54200
0.50001,	 0.03400,	 0.54300
0.50001,	 0.03400,	 0.54400
0.50001,	 0.03400,	 0.54500
0.50001,	 0.03400,	 0.54600
0.50001,	 0.03400,	 0.54700
0.50001,	 0.03400,	 0.54800
0.50001,	 0.03400,	 0.54900
0.50001,	 0.03400,	 0.55000
0.50001,	 0.03400,	 0.55100
0.50001,	 0.03400,	 0.55200
0.50001,	 0.03400,	 0.55300
0.50001,	 0.03400,	 0.55400
0.50001,	 0.03400,	 0.55500
0.50001,	 0.03400,	 0.55600
0.50001,	 0.03400,	 0.55700
0.50001,	 0.03400,	 0.55800
0.50001,	 0.03400,	 0.55900
0.50001,	 0.03400,	 0.56000
0.50001,	 0.03400,	 0.56100
0.50001,	 0.03400,	 0.56200
0.50001,	 0.03400,	 0.56300
0.50001,	 0.03400,	 0.56400
0.50001,	 0.03400,	 0.56500
0.50001,	 0.03400,	 0.56600
0.50001,	 0.03400,	 0.56700
0.50001,	 0.03400,	 0.56800
0.50001,	 0.03400,	 0.56900
0.50001,	 0.03400,	 0.57000
0.50001,	 0.03400,	 0.57100
0.50001,	 0.03400,	 0.57200
0.50001,	 0.03500,	 0.52800
0.50001,	 0.03500,	 0.52900
0.50001,	 0.03500,	 0.53000
0.50001,	 0.03500,	 0.53100
0.50001,	 0.03500,	 0.53200
0.50001,	 0.03500,	 0.53300
0.50001,	 0.03500,	 0.53400
0.50001,	 0.03500,	 0.53500
0.50001,	 0.03500,	 0.53600
0.50001,	 0.03500,	 0.53700
0.50001,	 0.03500,	 0.53800
0.50001,	 0.03500,	 0.53900
0.50001,	 0.03500,	 0.54000
0.50001,	 0.03500,	 0.54100
0.50001,	 0.03500,	 0.54200
0.50001,	 0.03500,	 0.54300
0.50001,	 0.03500,	 0.54400
0.50001,	 0.03500,	 0.54500
0.50001,	 0.03500,	 0.54600
0.50001,	 0.03500,	 0.54700
0.50001,	 0.03500,	 0.54800
0.50001,	 0.03500,	 0.54900
0.50001,	 0.03500,	 0.55000
0.50001,	 0.03500,	 0.55100
0.50001,	 0.03500,	 0.55200
0.50001,	 0.03500,	 0.55300
0.50001,	 0.03500,	 0.55400
0.50001,	 0.03500,	 0.55500
0.50001,	 0.03500,	 0.55600
0.50001,	 0.03500,	 0.55700
0.50001,	 0.03500,	 0.55800
0.50001,	 0.03500,	 0.55900
0.50001,	 0.03500,	 0.56000
0.50001,	 0.03500,	 0.56100
0.50001,	 0.03500,	 0.56200
0.50001,	 0.03500,	 0.56300
0.50001,	 0.03500,	 0.56400
0.50001,	 0.03500,	 0.56500
0.50001,	 0.03500,	 0.56600
0.50001,	 0.03500,	 0.56700
0.50001,	 0.03500,	 0.56800
0.50001,	 0.03500,	 0.56900
0.50001,	 0.03500,	 0.57000
0.50001,	 0.03500,	 0.57100
0.50001,	 0.03500,	 0.57200
0.50001,	 0.03600,	 0.52800
0.50001,	 0.03600,	 0.52900
0.50001,	 0.03600,	 0.53000
0.50001,	 0.03600,	 0.53100
0.50001,	 0.03600,	 0.53200
0.50001,	 0.03600,	 0.53300
0.50001,	 0.03600,	 0.53400
0.50001,	 0.03600,	 0.53500
0.50001,	 0.03600,	 0.53600
0.50001,	 0.03600,	 0.53700
0.50001,	 0.03600,	 0.53800
0.50001,	 0.03600,	 0.53900
0.50001,	 0.03600,	 0.54000
0.50001,	 0.03600,	 0.54100
0.50001,	 0.03600,	 0.54200
0.50001,	 0.03600,	 0.54300
0.50001,	 0.03600,	 0.54400
0.50001,	 0.03600,	 0.54500
0.50001,	 0.03600,	 0.54600
0.50001,	 0.03600,	 0.54700
0.50001,	 0.03600,	 0.54800
0.50001,	 0.03600,	 0.54900
0.50001,	 0.03600,	 0.55000
0.50001,	 0.03600,	 0.55100
0.50001,	 0.03600,	 0.55200
0.50001,	 0.03600,	 0.55300
0.50001,	 0.03600,	 0.55400
0.50001,	 0.03600,	 0.55500
0.50001,	 0.03600,	 0.55600
0.50001,	 0.03600,	 0.55700
0.50001,	 0.03600,	 0.55800
0.50001,	 0.03600,	 0.55900
0.50001,	 0.03600,	 0.56000
0.50001,	 0.03600,	 0.56100
0.50001,	 0.03600,	 0.56200
0.50001,	 0.03600,	 0.56300
0.50001,	 0.03600,	 0.56400
0.50001,	 0.03600,	 0.56500
0.50001,	 0.03600,	 0.56600
0.50001,	 0.03600,	 0.56700
0.50001,	 0.03600,	 0.56800
0.50001,	 0.03600,	 0.56900
0.50001,	 0.03600,	 0.57000
0.50001,	 0.03600,	 0.57100
0.50001,	 0.03600,	 0.57200
0.50001,	 0.03700,	 0.52800
0.50001,	 0.03700,	 0.52900
0.50001,	 0.03700,	 0.53000
0.50001,	 0.03700,	 0.53100
0.50001,	 0.03700,	 0.53200
0.50001,	 0.03700,	 0.53300
0.50001,	 0.03700,	 0.53400
0.50001,	 0.03700,	 0.53500
0.50001,	 0.03700,	 0.53600
0.50001,	 0.03700,	 0.53700
0.50001,	 0.03700,	 0.53800
0.50001,	 0.03700,	 0.53900
0.50001,	 0.03700,	 0.54000
0.50001,	 0.03700,	 0.54100
0.50001,	 0.03700,	 0.54200
0.50001,	 0.03700,	 0.54300
0.50001,	 0.03700,	 0.54400
0.50001,	 0.03700,	 0.54500
0.50001,	 0.03700,	 0.54600
0.50001,	 0.03700,	 0.54700
0.50001,	 0.03700,	 0.54800
0.50001,	 0.03700,	 0.54900
0.50001,	 0.03700,	 0.55000
0.50001,	 0.03700,	 0.55100
0.50001,	 0.03700,	 0.55200
0.50001,	 0.03700,	 0.55300
0.50001,	 0.03700,	 0.55400
0.50001,	 0.03700,	 0.55500
0.50001,	 0.03700,	 0.55600
0.50001,	 0.03700,	 0.55700
0.50001,	 0.03700,	 0.55800
0.50001,	 0.03700,	 0.55900
0.50001,	 0.03700,	 0.56000
0.50001,	 0.03700,	 0.56100
0.50001,	 0.03700,	 0.56200
0.50001,	 0.03700,	 0.56300
0.50001,	 0.03700,	 0.56400
0.50001,	 0.03700,	 0.56500
0.50001,	 0.03700,	 0.56600
0.50001,	 0.03700,	 0.56700
0.50001,	 0.03700,	 0.56800
0.50001,	 0.03700,	 0.56900
0.50001,	 0.03700,	 0.57000
0.50001,	 0.03700,	 0.57100
0.50001,	 0.03700,	 0.57200
0.50001,	 0.03800,	 0.52800
0.50001,	 0.03800,	 0.52900
0.50001,	 0.03800,	 0.53000
0.50001,	 0.03800,	 0.53100
0.50001,	 0.03800,	 0.53200
0.50001,	 0.03800,	 0.53300
0.50001,	 0.03800,	 0.53400
0.50001,	 0.03800,	 0.53500
0.50001,	 0.03800,	 0.53600
0.50001,	 0.03800,	 0.53700
0.50001,	 0.03800,	 0.53800
0.50001,	 0.03800,	 0.53900
0.50001,	 0.03800,	 0.54000
0.50001,	 0.03800,	 0.54100
0.50001,	 0.03800,	 0.54200
0.50001,	 0.03800,	 0.54300
0.50001,	 0.03800,	 0.54400
0.50001,	 0.03800,	 0.54500
0.50001,	 0.03800,	 0.54600
0.50001,	 0.03800,	 0.54700
0.50001,	 0.03800,	 0.54800
0.50001,	 0.03800,	 0.54900
0.50001,	 0.03800,	 0.55000
0.50001,	 0.03800,	 0.55100
0.50001,	 0.03800,	 0.55200
0.50001,	 0.03800,	 0.55300
0.50001,	 0.03800,	 0.55400
0.50001,	 0.03800,	 0.55500
0.50001,	 0.03800,	 0.55600
0.50001,	 0.03800,	 0.55700
0.50001,	 0.03800,	 0.55800
0.50001,	 0.03800,	 0.55900
0.50001,	 0.03800,	 0.56000
0.50001,	 0.03800,	 0.56100
0.50001,	 0.03800,	 0.56200
0.50001,	 0.03800,	 0.56300
0.50001,	 0.03800,	 0.56400
0.50001,	 0.03800,	 0.56500
0.50001,	 0.03800,	 0.56600
0.50001,	 0.03800,	 0.56700
0.50001,	 0.03800,	 0.56800
0.50001,	 0.03800,	 0.56900
0.50001,	 0.03800,	 0.57000
0.50001,	 0.03800,	 0.57100
0.50001,	 0.03800,	 0.57200
0.50001,	 0.03900,	 0.52800
0.50001,	 0.03900,	 0.52900
0.50001,	 0.03900,	 0.53000
0.50001,	 0.03900,	 0.53100
0.50001,	 0.03900,	 0.53200
0.50001,	 0.03900,	 0.53300
0.50001,	 0.03900,	 0.53400
0.50001,	 0.03900,	 0.53500
0.50001,	 0.03900,	 0.53600
0.50001,	 0.03900,	 0.53700
0.50001,	 0.03900,	 0.53800
0.50001,	 0.03900,	 0.53900
0.50001,	 0.03900,	 0.54000
0.50001,	 0.03900,	 0.54100
0.50001,	 0.03900,	 0.54200
0.50001,	 0.03900,	 0.54300
0.50001,	 0.03900,	 0.54400
0.50001,	 0.03900,	 0.54500
0.50001,	 0.03900,	 0.54600
0.50001,	 0.03900,	 0.54700
0.50001,	 0.03900,	 0.54800
0.50001,	 0.03900,	 0.54900
0.50001,	 0.03900,	 0.55000
0.50001,	 0.03900,	 0.55100
0.50001,	 0.03900,	 0.55200
0.50001,	 0.03900,	 0.55300
0.50001,	 0.03900,	 0.55400
0.50001,	 0.03900,	 0.55500
0.50001,	 0.03900,	 0.55600
0.50001,	 0.03900,	 0.55700
0.50001,	 0.03900,	 0.55800
0.50001,	 0.03900,	 0.55900
0.50001,	 0.03900,	 0.56000
0.50001,	 0.03900,	 0.56100
0.50001,	 0.03900,	 0.56200
0.50001,	 0.03900,	 0.56300
0.50001,	 0.03900,	 0.56400
0.50001,	 0.03900,	 0.56500
0.50001,	 0.03900,	 0.56600
0.50001,	 0.03900,	 0.56700
0.50001,	 0.03900,	 0.56800
0.50001,	 0.03900,	 0.56900
0.50001,	 0.03900,	 0.57000
0.50001,	 0.03900,	 0.57100
0.50001,	 0.03900,	 0.57200
0.50001,	 0.04000,	 0.52800
0.50001,	 0.04000,	 0.52900
0.50001,	 0.04000,	 0.53000
0.50001,	 0.04000,	 0.53100
0.50001,	 0.04000,	 0.53200
0.50001,	 0.04000,	 0.53300
0.50001,	 0.04000,	 0.53400
0.50001,	 0.04000,	 0.53500
0.50001,	 0.04000,	 0.53600
0.50001,	 0.04000,	 0.53700
0.50001,	 0.04000,	 0.53800
0.50001,	 0.04000,	 0.53900
0.50001,	 0.04000,	 0.54000
0.50001,	 0.04000,	 0.54100
0.50001,	 0.04000,	 0.54200
0.50001,	 0.04000,	 0.54300
0.50001,	 0.04000,	 0.54400
0.50001,	 0.04000,	 0.54500
0.50001,	 0.04000,	 0.54600
0.50001,	 0.04000,	 0.54700
0.50001,	 0.04000,	 0.54800
0.50001,	 0.04000,	 0.54900
0.50001,	 0.04000,	 0.55000
0.50001,	 0.04000,	 0.55100
0.50001,	 0.04000,	 0.55200
0.50001,	 0.04000,	 0.55300
0.50001,	 0.04000,	 0.55400
0.50001,	 0.04000,	 0.55500
0.50001,	 0.04000,	 0.55600
0.50001,	 0.04000,	 0.55700
0.50001,	 0.04000,	 0.55800
0.50001,	 0.04000,	 0.55900
0.50001,	 0.04000,	 0.56000
0.50001,	 0.04000,	 0.56100
0.50001,	 0.04000,	 0.56200
0.50001,	 0.04000,	 0.56300
0.50001,	 0.04000,	 0.56400
0.50001,	 0.04000,	 0.56500
0.50001,	 0.04000,	 0.56600
0.50001,	 0.04000,	 0.56700
0.50001,	 0.04000,	 0.56800
0.50001,	 0.04000,	 0.56900
0.50001,	 0.04000,	 0.57000
0.50001,	 0.04000,	 0.57100
0.50001,	 0.04000,	 0.57200
0.50001,	 0.04100,	 0.52800
0.50001,	 0.04100,	 0.52900
0.50001,	 0.04100,	 0.53000
0.50001,	 0.04100,	 0.53100
0.50001,	 0.04100,	 0.53200
0.50001,	 0.04100,	 0.53300
0.50001,	 0.04100,	 0.53400
0.50001,	 0.04100,	 0.53500
0.50001,	 0.04100,	 0.53600
0.50001,	 0.04100,	 0.53700
0.50001,	 0.04100,	 0.53800
0.50001,	 0.04100,	 0.53900
0.50001,	 0.04100,	 0.54000
0.50001,	 0.04100,	 0.54100
0.50001,	 0.04100,	 0.54200
0.50001,	 0.04100,	 0.54300
0.50001,	 0.04100,	 0.54400
0.50001,	 0.04100,	 0.54500
0.50001,	 0.04100,	 0.54600
0.50001,	 0.04100,	 0.54700
0.50001,	 0.04100,	 0.54800
0.50001,	 0.04100,	 0.54900
0.50001,	 0.04100,	 0.55000
0.50001,	 0.04100,	 0.55100
0.50001,	 0.04100,	 0.55200
0.50001,	 0.04100,	 0.55300
0.50001,	 0.04100,	 0.55400
0.50001,	 0.04100,	 0.55500
0.50001,	 0.04100,	 0.55600
0.50001,	 0.04100,	 0.55700
0.50001,	 0.04100,	 0.55800
0.50001,	 0.04100,	 0.55900
0.50001,	 0.04100,	 0.56000
0.50001,	 0.04100,	 0.56100
0.50001,	 0.04100,	 0.56200
0.50001,	 0.04100,	 0.56300
0.50001,	 0.04100,	 0.56400
0.50001,	 0.04100,	 0.56500
0.50001,	 0.04100,	 0.56600
0.50001,	 0.04100,	 0.56700
0.50001,	 0.04100,	 0.56800
0.50001,	 0.04100,	 0.56900
0.50001,	 0.04100,	 0.57000
0.50001,	 0.04100,	 0.57100
0.50001,	 0.04100,	 0.57200
0.50001,	 0.04200,	 0.52800
0.50001,	 0.04200,	 0.52900
0.50001,	 0.04200,	 0.53000
0.50001,	 0.04200,	 0.53100
0.50001,	 0.04200,	 0.53200
0.50001,	 0.04200,	 0.53300
0.50001,	 0.04200,	 0.53400
0.50001,	 0.04200,	 0.53500
0.50001,	 0.04200,	 0.53600
0.50001,	 0.04200,	 0.53700
0.50001,	 0.04200,	 0.53800
0.50001,	 0.04200,	 0.53900
0.50001,	 0.04200,	 0.54000
0.50001,	 0.04200,	 0.54100
0.50001,	 0.04200,	 0.54200
0.50001,	 0.04200,	 0.54300
0.50001,	 0.04200,	 0.54400
0.50001,	 0.04200,	 0.54500
0.50001,	 0.04200,	 0.54600
0.50001,	 0.04200,	 0.54700
0.50001,	 0.04200,	 0.54800
0.50001,	 0.04200,	 0.54900
0.50001,	 0.04200,	 0.55000
0.50001,	 0.04200,	 0.55100
0.50001,	 0.04200,	 0.55200
0.50001,	 0.04200,	 0.55300
0.50001,	 0.04200,	 0.55400
0.50001,	 0.04200,	 0.55500
0.50001,	 0.04200,	 0.55600
0.50001,	 0.04200,	 0.55700
0.50001,	 0.04200,	 0.55800
0.50001,	 0.04200,	 0.55900
0.50001,	 0.04200,	 0.56000
0.50001,	 0.04200,	 0.56100
0.50001,	 0.04200,	 0.56200
0.50001,	 0.04200,	 0.56300
0.50001,	 0.04200,	 0.56400
0.50001,	 0.04200,	 0.56500
0.50001,	 0.04200,	 0.56600
0.50001,	 0.04200,	 0.56700
0.50001,	 0.04200,	 0.56800
0.50001,	 0.04200,	 0.56900
0.50001,	 0.04200,	 0.57000
0.50001,	 0.04200,	 0.57100
0.50001,	 0.04200,	 0.57200
0.50001,	 0.04300,	 0.52800
0.50001,	 0.04300,	 0.52900
0.50001,	 0.04300,	 0.53000
0.50001,	 0.04300,	 0.53100
0.50001,	 0.04300,	 0.53200
0.50001,	 0.04300,	 0.53300
0.50001,	 0.04300,	 0.53400
0.50001,	 0.04300,	 0.53500
0.50001,	 0.04300,	 0.53600
0.50001,	 0.04300,	 0.53700
0.50001,	 0.04300,	 0.53800
0.50001,	 0.04300,	 0.53900
0.50001,	 0.04300,	 0.54000
0.50001,	 0.04300,	 0.54100
0.50001,	 0.04300,	 0.54200
0.50001,	 0.04300,	 0.54300
0.50001,	 0.04300,	 0.54400
0.50001,	 0.04300,	 0.54500
0.50001,	 0.04300,	 0.54600
0.50001,	 0.04300,	 0.54700
0.50001,	 0.04300,	 0.54800
0.50001,	 0.04300,	 0.54900
0.50001,	 0.04300,	 0.55000
0.50001,	 0.04300,	 0.55100
0.50001,	 0.04300,	 0.55200
0.50001,	 0.04300,	 0.55300
0.50001,	 0.04300,	 0.55400
0.50001,	 0.04300,	 0.55500
0.50001,	 0.04300,	 0.55600
0.50001,	 0.04300,	 0.55700
0.50001,	 0.04300,	 0.55800
0.50001,	 0.04300,	 0.55900
0.50001,	 0.04300,	 0.56000
0.50001,	 0.04300,	 0.56100
0.50001,	 0.04300,	 0.56200
0.50001,	 0.04300,	 0.56300
0.50001,	 0.04300,	 0.56400
0.50001,	 0.04300,	 0.56500
0.50001,	 0.04300,	 0.56600
0.50001,	 0.04300,	 0.56700
0.50001,	 0.04300,	 0.56800
0.50001,	 0.04300,	 0.56900
0.50001,	 0.04300,	 0.57000
0.50001,	 0.04300,	 0.57100
0.50001,	 0.04300,	 0.57200
0.50001,	 0.04400,	 0.52800
0.50001,	 0.04400,	 0.52900
0.50001,	 0.04400,	 0.53000
0.50001,	 0.04400,	 0.53100
0.50001,	 0.04400,	 0.53200
0.50001,	 0.04400,	 0.53300
0.50001,	 0.04400,	 0.53400
0.50001,	 0.04400,	 0.53500
0.50001,	 0.04400,	 0.53600
0.50001,	 0.04400,	 0.53700
0.50001,	 0.04400,	 0.53800
0.50001,	 0.04400,	 0.53900
0.50001,	 0.04400,	 0.54000
0.50001,	 0.04400,	 0.54100
0.50001,	 0.04400,	 0.54200
0.50001,	 0.04400,	 0.54300
0.50001,	 0.04400,	 0.54400
0.50001,	 0.04400,	 0.54500
0.50001,	 0.04400,	 0.54600
0.50001,	 0.04400,	 0.54700
0.50001,	 0.04400,	 0.54800
0.50001,	 0.04400,	 0.54900
0.50001,	 0.04400,	 0.55000
0.50001,	 0.04400,	 0.55100
0.50001,	 0.04400,	 0.55200
0.50001,	 0.04400,	 0.55300
0.50001,	 0.04400,	 0.55400
0.50001,	 0.04400,	 0.55500
0.50001,	 0.04400,	 0.55600
0.50001,	 0.04400,	 0.55700
0.50001,	 0.04400,	 0.55800
0.50001,	 0.04400,	 0.55900
0.50001,	 0.04400,	 0.56000
0.50001,	 0.04400,	 0.56100
0.50001,	 0.04400,	 0.56200
0.50001,	 0.04400,	 0.56300
0.50001,	 0.04400,	 0.56400
0.50001,	 0.04400,	 0.56500
0.50001,	 0.04400,	 0.56600
0.50001,	 0.04400,	 0.56700
0.50001,	 0.04400,	 0.56800
0.50001,	 0.04400,	 0.56900
0.50001,	 0.04400,	 0.57000
0.50001,	 0.04400,	 0.57100
0.50001,	 0.04400,	 0.57200
0.50001,	 0.04500,	 0.52800
0.50001,	 0.04500,	 0.52900
0.50001,	 0.04500,	 0.53000
0.50001,	 0.04500,	 0.53100
0.50001,	 0.04500,	 0.53200
0.50001,	 0.04500,	 0.53300
0.50001,	 0.04500,	 0.53400
0.50001,	 0.04500,	 0.53500
0.50001,	 0.04500,	 0.53600
0.50001,	 0.04500,	 0.53700
0.50001,	 0.04500,	 0.53800
0.50001,	 0.04500,	 0.53900
0.50001,	 0.04500,	 0.54000
0.50001,	 0.04500,	 0.54100
0.50001,	 0.04500,	 0.54200
0.50001,	 0.04500,	 0.54300
0.50001,	 0.04500,	 0.54400
0.50001,	 0.04500,	 0.54500
0.50001,	 0.04500,	 0.54600
0.50001,	 0.04500,	 0.54700
0.50001,	 0.04500,	 0.54800
0.50001,	 0.04500,	 0.54900
0.50001,	 0.04500,	 0.55000
0.50001,	 0.04500,	 0.55100
0.50001,	 0.04500,	 0.55200
0.50001,	 0.04500,	 0.55300
0.50001,	 0.04500,	 0.55400
0.50001,	 0.04500,	 0.55500
0.50001,	 0.04500,	 0.55600
0.50001,	 0.04500,	 0.55700
0.50001,	 0.04500,	 0.55800
0.50001,	 0.04500,	 0.55900
0.50001,	 0.04500,	 0.56000
0.50001,	 0.04500,	 0.56100
0.50001,	 0.04500,	 0.56200
0.50001,	 0.04500,	 0.56300
0.50001,	 0.04500,	 0.56400
0.50001,	 0.04500,	 0.56500
0.50001,	 0.04500,	 0.56600
0.50001,	 0.04500,	 0.56700
0.50001,	 0.04500,	 0.56800
0.50001,	 0.04500,	 0.56900
0.50001,	 0.04500,	 0.57000
0.50001,	 0.04500,	 0.57100
0.50001,	 0.04500,	 0.57200
0.50001,	 0.04600,	 0.52800
0.50001,	 0.04600,	 0.52900
0.50001,	 0.04600,	 0.53000
0.50001,	 0.04600,	 0.53100
0.50001,	 0.04600,	 0.53200
0.50001,	 0.04600,	 0.53300
0.50001,	 0.04600,	 0.53400
0.50001,	 0.04600,	 0.53500
0.50001,	 0.04600,	 0.53600
0.50001,	 0.04600,	 0.53700
0.50001,	 0.04600,	 0.53800
0.50001,	 0.04600,	 0.53900
0.50001,	 0.04600,	 0.54000
0.50001,	 0.04600,	 0.54100
0.50001,	 0.04600,	 0.54200
0.50001,	 0.04600,	 0.54300
0.50001,	 0.04600,	 0.54400
0.50001,	 0.04600,	 0.54500
0.50001,	 0.04600,	 0.54600
0.50001,	 0.04600,	 0.54700
0.50001,	 0.04600,	 0.54800
0.50001,	 0.04600,	 0.54900
0.50001,	 0.04600,	 0.55000
0.50001,	 0.04600,	 0.55100
0.50001,	 0.04600,	 0.55200
0.50001,	 0.04600,	 0.55300
0.50001,	 0.04600,	 0.55400
0.50001,	 0.04600,	 0.55500
0.50001,	 0.04600,	 0.55600
0.50001,	 0.04600,	 0.55700
0.50001,	 0.04600,	 0.55800
0.50001,	 0.04600,	 0.55900
0.50001,	 0.04600,	 0.56000
0.50001,	 0.04600,	 0.56100
0.50001,	 0.04600,	 0.56200
0.50001,	 0.04600,	 0.56300
0.50001,	 0.04600,	 0.56400
0.50001,	 0.04600,	 0.56500
0.50001,	 0.04600,	 0.56600
0.50001,	 0.04600,	 0.56700
0.50001,	 0.04600,	 0.56800
0.50001,	 0.04600,	 0.56900
0.50001,	 0.04600,	 0.57000
0.50001,	 0.04600,	 0.57100
0.50001,	 0.04600,	 0.57200
0.50001,	 0.04700,	 0.52800
0.50001,	 0.04700,	 0.52900
0.50001,	 0.04700,	 0.53000
0.50001,	 0.04700,	 0.53100
0.50001,	 0.04700,	 0.53200
0.50001,	 0.04700,	 0.53300
0.50001,	 0.04700,	 0.53400
0.50001,	 0.04700,	 0.53500
0.50001,	 0.04700,	 0.53600
0.50001,	 0.04700,	 0.53700
0.50001,	 0.04700,	 0.53800
0.50001,	 0.04700,	 0.53900
0.50001,	 0.04700,	 0.54000
0.50001,	 0.04700,	 0.54100
0.50001,	 0.04700,	 0.54200
0.50001,	 0.04700,	 0.54300
0.50001,	 0.04700,	 0.54400
0.50001,	 0.04700,	 0.54500
0.50001,	 0.04700,	 0.54600
0.50001,	 0.04700,	 0.54700
0.50001,	 0.04700,	 0.54800
0.50001,	 0.04700,	 0.54900
0.50001,	 0.04700,	 0.55000
0.50001,	 0.04700,	 0.55100
0.50001,	 0.04700,	 0.55200
0.50001,	 0.04700,	 0.55300
0.50001,	 0.04700,	 0.55400
0.50001,	 0.04700,	 0.55500
0.50001,	 0.04700,	 0.55600
0.50001,	 0.04700,	 0.55700
0.50001,	 0.04700,	 0.55800
0.50001,	 0.04700,	 0.55900
0.50001,	 0.04700,	 0.56000
0.50001,	 0.04700,	 0.56100
0.50001,	 0.04700,	 0.56200
0.50001,	 0.04700,	 0.56300
0.50001,	 0.04700,	 0.56400
0.50001,	 0.04700,	 0.56500
0.50001,	 0.04700,	 0.56600
0.50001,	 0.04700,	 0.56700
0.50001,	 0.04700,	 0.56800
0.50001,	 0.04700,	 0.56900
0.50001,	 0.04700,	 0.57000
0.50001,	 0.04700,	 0.57100
0.50001,	 0.04700,	 0.57200
0.50001,	 0.04800,	 0.52800
0.50001,	 0.04800,	 0.52900
0.50001,	 0.04800,	 0.53000
0.50001,	 0.04800,	 0.53100
0.50001,	 0.04800,	 0.53200
0.50001,	 0.04800,	 0.53300
0.50001,	 0.04800,	 0.53400
0.50001,	 0.04800,	 0.53500
0.50001,	 0.04800,	 0.53600
0.50001,	 0.04800,	 0.53700
0.50001,	 0.04800,	 0.53800
0.50001,	 0.04800,	 0.53900
0.50001,	 0.04800,	 0.54000
0.50001,	 0.04800,	 0.54100
0.50001,	 0.04800,	 0.54200
0.50001,	 0.04800,	 0.54300
0.50001,	 0.04800,	 0.54400
0.50001,	 0.04800,	 0.54500
0.50001,	 0.04800,	 0.54600
0.50001,	 0.04800,	 0.54700
0.50001,	 0.04800,	 0.54800
0.50001,	 0.04800,	 0.54900
0.50001,	 0.04800,	 0.55000
0.50001,	 0.04800,	 0.55100
0.50001,	 0.04800,	 0.55200
0.50001,	 0.04800,	 0.55300
0.50001,	 0.04800,	 0.55400
0.50001,	 0.04800,	 0.55500
0.50001,	 0.04800,	 0.55600
0.50001,	 0.04800,	 0.55700
0.50001,	 0.04800,	 0.55800
0.50001,	 0.04800,	 0.55900
0.50001,	 0.04800,	 0.56000
0.50001,	 0.04800,	 0.56100
0.50001,	 0.04800,	 0.56200
0.50001,	 0.04800,	 0.56300
0.50001,	 0.04800,	 0.56400
0.50001,	 0.04800,	 0.56500
0.50001,	 0.04800,	 0.56600
0.50001,	 0.04800,	 0.56700
0.50001,	 0.04800,	 0.56800
0.50001,	 0.04800,	 0.56900
0.50001,	 0.04800,	 0.57000
0.50001,	 0.04800,	 0.57100
0.50001,	 0.04800,	 0.57200
