x, y, z 
0.53950,	 0.05200,	 0.59999
0.54050,	 0.05200,	 0.59999
0.54150,	 0.05200,	 0.59999
0.54250,	 0.05200,	 0.59999
0.54350,	 0.05200,	 0.59999
0.54450,	 0.05200,	 0.59999
0.54550,	 0.05200,	 0.59999
0.54650,	 0.05200,	 0.59999
0.54750,	 0.05200,	 0.59999
0.54850,	 0.05200,	 0.59999
0.54950,	 0.05200,	 0.59999
0.55050,	 0.05200,	 0.59999
0.55150,	 0.05200,	 0.59999
0.55250,	 0.05200,	 0.59999
0.55350,	 0.05200,	 0.59999
0.55450,	 0.05200,	 0.59999
0.55550,	 0.05200,	 0.59999
0.55650,	 0.05200,	 0.59999
0.55750,	 0.05200,	 0.59999
0.55850,	 0.05200,	 0.59999
0.55950,	 0.05200,	 0.59999
0.56050,	 0.05200,	 0.59999
0.53950,	 0.05300,	 0.59999
0.54050,	 0.05300,	 0.59999
0.54150,	 0.05300,	 0.59999
0.54250,	 0.05300,	 0.59999
0.54350,	 0.05300,	 0.59999
0.54450,	 0.05300,	 0.59999
0.54550,	 0.05300,	 0.59999
0.54650,	 0.05300,	 0.59999
0.54750,	 0.05300,	 0.59999
0.54850,	 0.05300,	 0.59999
0.54950,	 0.05300,	 0.59999
0.55050,	 0.05300,	 0.59999
0.55150,	 0.05300,	 0.59999
0.55250,	 0.05300,	 0.59999
0.55350,	 0.05300,	 0.59999
0.55450,	 0.05300,	 0.59999
0.55550,	 0.05300,	 0.59999
0.55650,	 0.05300,	 0.59999
0.55750,	 0.05300,	 0.59999
0.55850,	 0.05300,	 0.59999
0.55950,	 0.05300,	 0.59999
0.56050,	 0.05300,	 0.59999
0.53950,	 0.05400,	 0.59999
0.54050,	 0.05400,	 0.59999
0.54150,	 0.05400,	 0.59999
0.54250,	 0.05400,	 0.59999
0.54350,	 0.05400,	 0.59999
0.54450,	 0.05400,	 0.59999
0.54550,	 0.05400,	 0.59999
0.54650,	 0.05400,	 0.59999
0.54750,	 0.05400,	 0.59999
0.54850,	 0.05400,	 0.59999
0.54950,	 0.05400,	 0.59999
0.55050,	 0.05400,	 0.59999
0.55150,	 0.05400,	 0.59999
0.55250,	 0.05400,	 0.59999
0.55350,	 0.05400,	 0.59999
0.55450,	 0.05400,	 0.59999
0.55550,	 0.05400,	 0.59999
0.55650,	 0.05400,	 0.59999
0.55750,	 0.05400,	 0.59999
0.55850,	 0.05400,	 0.59999
0.55950,	 0.05400,	 0.59999
0.56050,	 0.05400,	 0.59999
0.53950,	 0.05500,	 0.59999
0.54050,	 0.05500,	 0.59999
0.54150,	 0.05500,	 0.59999
0.54250,	 0.05500,	 0.59999
0.54350,	 0.05500,	 0.59999
0.54450,	 0.05500,	 0.59999
0.54550,	 0.05500,	 0.59999
0.54650,	 0.05500,	 0.59999
0.54750,	 0.05500,	 0.59999
0.54850,	 0.05500,	 0.59999
0.54950,	 0.05500,	 0.59999
0.55050,	 0.05500,	 0.59999
0.55150,	 0.05500,	 0.59999
0.55250,	 0.05500,	 0.59999
0.55350,	 0.05500,	 0.59999
0.55450,	 0.05500,	 0.59999
0.55550,	 0.05500,	 0.59999
0.55650,	 0.05500,	 0.59999
0.55750,	 0.05500,	 0.59999
0.55850,	 0.05500,	 0.59999
0.55950,	 0.05500,	 0.59999
0.56050,	 0.05500,	 0.59999
0.53950,	 0.05600,	 0.59999
0.54050,	 0.05600,	 0.59999
0.54150,	 0.05600,	 0.59999
0.54250,	 0.05600,	 0.59999
0.54350,	 0.05600,	 0.59999
0.54450,	 0.05600,	 0.59999
0.54550,	 0.05600,	 0.59999
0.54650,	 0.05600,	 0.59999
0.54750,	 0.05600,	 0.59999
0.54850,	 0.05600,	 0.59999
0.54950,	 0.05600,	 0.59999
0.55050,	 0.05600,	 0.59999
0.55150,	 0.05600,	 0.59999
0.55250,	 0.05600,	 0.59999
0.55350,	 0.05600,	 0.59999
0.55450,	 0.05600,	 0.59999
0.55550,	 0.05600,	 0.59999
0.55650,	 0.05600,	 0.59999
0.55750,	 0.05600,	 0.59999
0.55850,	 0.05600,	 0.59999
0.55950,	 0.05600,	 0.59999
0.56050,	 0.05600,	 0.59999
0.53950,	 0.05700,	 0.59999
0.54050,	 0.05700,	 0.59999
0.54150,	 0.05700,	 0.59999
0.54250,	 0.05700,	 0.59999
0.54350,	 0.05700,	 0.59999
0.54450,	 0.05700,	 0.59999
0.54550,	 0.05700,	 0.59999
0.54650,	 0.05700,	 0.59999
0.54750,	 0.05700,	 0.59999
0.54850,	 0.05700,	 0.59999
0.54950,	 0.05700,	 0.59999
0.55050,	 0.05700,	 0.59999
0.55150,	 0.05700,	 0.59999
0.55250,	 0.05700,	 0.59999
0.55350,	 0.05700,	 0.59999
0.55450,	 0.05700,	 0.59999
0.55550,	 0.05700,	 0.59999
0.55650,	 0.05700,	 0.59999
0.55750,	 0.05700,	 0.59999
0.55850,	 0.05700,	 0.59999
0.55950,	 0.05700,	 0.59999
0.56050,	 0.05700,	 0.59999
0.53950,	 0.05800,	 0.59999
0.54050,	 0.05800,	 0.59999
0.54150,	 0.05800,	 0.59999
0.54250,	 0.05800,	 0.59999
0.54350,	 0.05800,	 0.59999
0.54450,	 0.05800,	 0.59999
0.54550,	 0.05800,	 0.59999
0.54650,	 0.05800,	 0.59999
0.54750,	 0.05800,	 0.59999
0.54850,	 0.05800,	 0.59999
0.54950,	 0.05800,	 0.59999
0.55050,	 0.05800,	 0.59999
0.55150,	 0.05800,	 0.59999
0.55250,	 0.05800,	 0.59999
0.55350,	 0.05800,	 0.59999
0.55450,	 0.05800,	 0.59999
0.55550,	 0.05800,	 0.59999
0.55650,	 0.05800,	 0.59999
0.55750,	 0.05800,	 0.59999
0.55850,	 0.05800,	 0.59999
0.55950,	 0.05800,	 0.59999
0.56050,	 0.05800,	 0.59999
0.53950,	 0.05900,	 0.59999
0.54050,	 0.05900,	 0.59999
0.54150,	 0.05900,	 0.59999
0.54250,	 0.05900,	 0.59999
0.54350,	 0.05900,	 0.59999
0.54450,	 0.05900,	 0.59999
0.54550,	 0.05900,	 0.59999
0.54650,	 0.05900,	 0.59999
0.54750,	 0.05900,	 0.59999
0.54850,	 0.05900,	 0.59999
0.54950,	 0.05900,	 0.59999
0.55050,	 0.05900,	 0.59999
0.55150,	 0.05900,	 0.59999
0.55250,	 0.05900,	 0.59999
0.55350,	 0.05900,	 0.59999
0.55450,	 0.05900,	 0.59999
0.55550,	 0.05900,	 0.59999
0.55650,	 0.05900,	 0.59999
0.55750,	 0.05900,	 0.59999
0.55850,	 0.05900,	 0.59999
0.55950,	 0.05900,	 0.59999
0.56050,	 0.05900,	 0.59999
0.53950,	 0.06000,	 0.59999
0.54050,	 0.06000,	 0.59999
0.54150,	 0.06000,	 0.59999
0.54250,	 0.06000,	 0.59999
0.54350,	 0.06000,	 0.59999
0.54450,	 0.06000,	 0.59999
0.54550,	 0.06000,	 0.59999
0.54650,	 0.06000,	 0.59999
0.54750,	 0.06000,	 0.59999
0.54850,	 0.06000,	 0.59999
0.54950,	 0.06000,	 0.59999
0.55050,	 0.06000,	 0.59999
0.55150,	 0.06000,	 0.59999
0.55250,	 0.06000,	 0.59999
0.55350,	 0.06000,	 0.59999
0.55450,	 0.06000,	 0.59999
0.55550,	 0.06000,	 0.59999
0.55650,	 0.06000,	 0.59999
0.55750,	 0.06000,	 0.59999
0.55850,	 0.06000,	 0.59999
0.55950,	 0.06000,	 0.59999
0.56050,	 0.06000,	 0.59999
0.53950,	 0.06100,	 0.59999
0.54050,	 0.06100,	 0.59999
0.54150,	 0.06100,	 0.59999
0.54250,	 0.06100,	 0.59999
0.54350,	 0.06100,	 0.59999
0.54450,	 0.06100,	 0.59999
0.54550,	 0.06100,	 0.59999
0.54650,	 0.06100,	 0.59999
0.54750,	 0.06100,	 0.59999
0.54850,	 0.06100,	 0.59999
0.54950,	 0.06100,	 0.59999
0.55050,	 0.06100,	 0.59999
0.55150,	 0.06100,	 0.59999
0.55250,	 0.06100,	 0.59999
0.55350,	 0.06100,	 0.59999
0.55450,	 0.06100,	 0.59999
0.55550,	 0.06100,	 0.59999
0.55650,	 0.06100,	 0.59999
0.55750,	 0.06100,	 0.59999
0.55850,	 0.06100,	 0.59999
0.55950,	 0.06100,	 0.59999
0.56050,	 0.06100,	 0.59999
0.53950,	 0.06200,	 0.59999
0.54050,	 0.06200,	 0.59999
0.54150,	 0.06200,	 0.59999
0.54250,	 0.06200,	 0.59999
0.54350,	 0.06200,	 0.59999
0.54450,	 0.06200,	 0.59999
0.54550,	 0.06200,	 0.59999
0.54650,	 0.06200,	 0.59999
0.54750,	 0.06200,	 0.59999
0.54850,	 0.06200,	 0.59999
0.54950,	 0.06200,	 0.59999
0.55050,	 0.06200,	 0.59999
0.55150,	 0.06200,	 0.59999
0.55250,	 0.06200,	 0.59999
0.55350,	 0.06200,	 0.59999
0.55450,	 0.06200,	 0.59999
0.55550,	 0.06200,	 0.59999
0.55650,	 0.06200,	 0.59999
0.55750,	 0.06200,	 0.59999
0.55850,	 0.06200,	 0.59999
0.55950,	 0.06200,	 0.59999
0.56050,	 0.06200,	 0.59999
0.53950,	 0.06300,	 0.59999
0.54050,	 0.06300,	 0.59999
0.54150,	 0.06300,	 0.59999
0.54250,	 0.06300,	 0.59999
0.54350,	 0.06300,	 0.59999
0.54450,	 0.06300,	 0.59999
0.54550,	 0.06300,	 0.59999
0.54650,	 0.06300,	 0.59999
0.54750,	 0.06300,	 0.59999
0.54850,	 0.06300,	 0.59999
0.54950,	 0.06300,	 0.59999
0.55050,	 0.06300,	 0.59999
0.55150,	 0.06300,	 0.59999
0.55250,	 0.06300,	 0.59999
0.55350,	 0.06300,	 0.59999
0.55450,	 0.06300,	 0.59999
0.55550,	 0.06300,	 0.59999
0.55650,	 0.06300,	 0.59999
0.55750,	 0.06300,	 0.59999
0.55850,	 0.06300,	 0.59999
0.55950,	 0.06300,	 0.59999
0.56050,	 0.06300,	 0.59999
0.53950,	 0.06400,	 0.59999
0.54050,	 0.06400,	 0.59999
0.54150,	 0.06400,	 0.59999
0.54250,	 0.06400,	 0.59999
0.54350,	 0.06400,	 0.59999
0.54450,	 0.06400,	 0.59999
0.54550,	 0.06400,	 0.59999
0.54650,	 0.06400,	 0.59999
0.54750,	 0.06400,	 0.59999
0.54850,	 0.06400,	 0.59999
0.54950,	 0.06400,	 0.59999
0.55050,	 0.06400,	 0.59999
0.55150,	 0.06400,	 0.59999
0.55250,	 0.06400,	 0.59999
0.55350,	 0.06400,	 0.59999
0.55450,	 0.06400,	 0.59999
0.55550,	 0.06400,	 0.59999
0.55650,	 0.06400,	 0.59999
0.55750,	 0.06400,	 0.59999
0.55850,	 0.06400,	 0.59999
0.55950,	 0.06400,	 0.59999
0.56050,	 0.06400,	 0.59999
0.53950,	 0.06500,	 0.59999
0.54050,	 0.06500,	 0.59999
0.54150,	 0.06500,	 0.59999
0.54250,	 0.06500,	 0.59999
0.54350,	 0.06500,	 0.59999
0.54450,	 0.06500,	 0.59999
0.54550,	 0.06500,	 0.59999
0.54650,	 0.06500,	 0.59999
0.54750,	 0.06500,	 0.59999
0.54850,	 0.06500,	 0.59999
0.54950,	 0.06500,	 0.59999
0.55050,	 0.06500,	 0.59999
0.55150,	 0.06500,	 0.59999
0.55250,	 0.06500,	 0.59999
0.55350,	 0.06500,	 0.59999
0.55450,	 0.06500,	 0.59999
0.55550,	 0.06500,	 0.59999
0.55650,	 0.06500,	 0.59999
0.55750,	 0.06500,	 0.59999
0.55850,	 0.06500,	 0.59999
0.55950,	 0.06500,	 0.59999
0.56050,	 0.06500,	 0.59999
0.53950,	 0.06600,	 0.59999
0.54050,	 0.06600,	 0.59999
0.54150,	 0.06600,	 0.59999
0.54250,	 0.06600,	 0.59999
0.54350,	 0.06600,	 0.59999
0.54450,	 0.06600,	 0.59999
0.54550,	 0.06600,	 0.59999
0.54650,	 0.06600,	 0.59999
0.54750,	 0.06600,	 0.59999
0.54850,	 0.06600,	 0.59999
0.54950,	 0.06600,	 0.59999
0.55050,	 0.06600,	 0.59999
0.55150,	 0.06600,	 0.59999
0.55250,	 0.06600,	 0.59999
0.55350,	 0.06600,	 0.59999
0.55450,	 0.06600,	 0.59999
0.55550,	 0.06600,	 0.59999
0.55650,	 0.06600,	 0.59999
0.55750,	 0.06600,	 0.59999
0.55850,	 0.06600,	 0.59999
0.55950,	 0.06600,	 0.59999
0.56050,	 0.06600,	 0.59999
0.53950,	 0.06700,	 0.59999
0.54050,	 0.06700,	 0.59999
0.54150,	 0.06700,	 0.59999
0.54250,	 0.06700,	 0.59999
0.54350,	 0.06700,	 0.59999
0.54450,	 0.06700,	 0.59999
0.54550,	 0.06700,	 0.59999
0.54650,	 0.06700,	 0.59999
0.54750,	 0.06700,	 0.59999
0.54850,	 0.06700,	 0.59999
0.54950,	 0.06700,	 0.59999
0.55050,	 0.06700,	 0.59999
0.55150,	 0.06700,	 0.59999
0.55250,	 0.06700,	 0.59999
0.55350,	 0.06700,	 0.59999
0.55450,	 0.06700,	 0.59999
0.55550,	 0.06700,	 0.59999
0.55650,	 0.06700,	 0.59999
0.55750,	 0.06700,	 0.59999
0.55850,	 0.06700,	 0.59999
0.55950,	 0.06700,	 0.59999
0.56050,	 0.06700,	 0.59999
0.53950,	 0.06800,	 0.59999
0.54050,	 0.06800,	 0.59999
0.54150,	 0.06800,	 0.59999
0.54250,	 0.06800,	 0.59999
0.54350,	 0.06800,	 0.59999
0.54450,	 0.06800,	 0.59999
0.54550,	 0.06800,	 0.59999
0.54650,	 0.06800,	 0.59999
0.54750,	 0.06800,	 0.59999
0.54850,	 0.06800,	 0.59999
0.54950,	 0.06800,	 0.59999
0.55050,	 0.06800,	 0.59999
0.55150,	 0.06800,	 0.59999
0.55250,	 0.06800,	 0.59999
0.55350,	 0.06800,	 0.59999
0.55450,	 0.06800,	 0.59999
0.55550,	 0.06800,	 0.59999
0.55650,	 0.06800,	 0.59999
0.55750,	 0.06800,	 0.59999
0.55850,	 0.06800,	 0.59999
0.55950,	 0.06800,	 0.59999
0.56050,	 0.06800,	 0.59999
