x, y, z 
0.57793,	 0.05200,	 0.50722
0.57864,	 0.05200,	 0.50793
0.57934,	 0.05200,	 0.50863
0.58005,	 0.05200,	 0.50934
0.58076,	 0.05200,	 0.51005
0.58147,	 0.05200,	 0.51076
0.58217,	 0.05200,	 0.51146
0.58288,	 0.05200,	 0.51217
0.58359,	 0.05200,	 0.51288
0.58429,	 0.05200,	 0.51358
0.58500,	 0.05200,	 0.51429
0.58571,	 0.05200,	 0.51500
0.58642,	 0.05200,	 0.51571
0.58712,	 0.05200,	 0.51641
0.58783,	 0.05200,	 0.51712
0.58854,	 0.05200,	 0.51783
0.58924,	 0.05200,	 0.51853
0.58995,	 0.05200,	 0.51924
0.59066,	 0.05200,	 0.51995
0.59137,	 0.05200,	 0.52066
0.59207,	 0.05200,	 0.52136
0.59278,	 0.05200,	 0.52207
0.57793,	 0.05300,	 0.50722
0.57864,	 0.05300,	 0.50793
0.57934,	 0.05300,	 0.50863
0.58005,	 0.05300,	 0.50934
0.58076,	 0.05300,	 0.51005
0.58147,	 0.05300,	 0.51076
0.58217,	 0.05300,	 0.51146
0.58288,	 0.05300,	 0.51217
0.58359,	 0.05300,	 0.51288
0.58429,	 0.05300,	 0.51358
0.58500,	 0.05300,	 0.51429
0.58571,	 0.05300,	 0.51500
0.58642,	 0.05300,	 0.51571
0.58712,	 0.05300,	 0.51641
0.58783,	 0.05300,	 0.51712
0.58854,	 0.05300,	 0.51783
0.58924,	 0.05300,	 0.51853
0.58995,	 0.05300,	 0.51924
0.59066,	 0.05300,	 0.51995
0.59137,	 0.05300,	 0.52066
0.59207,	 0.05300,	 0.52136
0.59278,	 0.05300,	 0.52207
0.57793,	 0.05400,	 0.50722
0.57864,	 0.05400,	 0.50793
0.57934,	 0.05400,	 0.50863
0.58005,	 0.05400,	 0.50934
0.58076,	 0.05400,	 0.51005
0.58147,	 0.05400,	 0.51076
0.58217,	 0.05400,	 0.51146
0.58288,	 0.05400,	 0.51217
0.58359,	 0.05400,	 0.51288
0.58429,	 0.05400,	 0.51358
0.58500,	 0.05400,	 0.51429
0.58571,	 0.05400,	 0.51500
0.58642,	 0.05400,	 0.51571
0.58712,	 0.05400,	 0.51641
0.58783,	 0.05400,	 0.51712
0.58854,	 0.05400,	 0.51783
0.58924,	 0.05400,	 0.51853
0.58995,	 0.05400,	 0.51924
0.59066,	 0.05400,	 0.51995
0.59137,	 0.05400,	 0.52066
0.59207,	 0.05400,	 0.52136
0.59278,	 0.05400,	 0.52207
0.57793,	 0.05500,	 0.50722
0.57864,	 0.05500,	 0.50793
0.57934,	 0.05500,	 0.50863
0.58005,	 0.05500,	 0.50934
0.58076,	 0.05500,	 0.51005
0.58147,	 0.05500,	 0.51076
0.58217,	 0.05500,	 0.51146
0.58288,	 0.05500,	 0.51217
0.58359,	 0.05500,	 0.51288
0.58429,	 0.05500,	 0.51358
0.58500,	 0.05500,	 0.51429
0.58571,	 0.05500,	 0.51500
0.58642,	 0.05500,	 0.51571
0.58712,	 0.05500,	 0.51641
0.58783,	 0.05500,	 0.51712
0.58854,	 0.05500,	 0.51783
0.58924,	 0.05500,	 0.51853
0.58995,	 0.05500,	 0.51924
0.59066,	 0.05500,	 0.51995
0.59137,	 0.05500,	 0.52066
0.59207,	 0.05500,	 0.52136
0.59278,	 0.05500,	 0.52207
0.57793,	 0.05600,	 0.50722
0.57864,	 0.05600,	 0.50793
0.57934,	 0.05600,	 0.50863
0.58005,	 0.05600,	 0.50934
0.58076,	 0.05600,	 0.51005
0.58147,	 0.05600,	 0.51076
0.58217,	 0.05600,	 0.51146
0.58288,	 0.05600,	 0.51217
0.58359,	 0.05600,	 0.51288
0.58429,	 0.05600,	 0.51358
0.58500,	 0.05600,	 0.51429
0.58571,	 0.05600,	 0.51500
0.58642,	 0.05600,	 0.51571
0.58712,	 0.05600,	 0.51641
0.58783,	 0.05600,	 0.51712
0.58854,	 0.05600,	 0.51783
0.58924,	 0.05600,	 0.51853
0.58995,	 0.05600,	 0.51924
0.59066,	 0.05600,	 0.51995
0.59137,	 0.05600,	 0.52066
0.59207,	 0.05600,	 0.52136
0.59278,	 0.05600,	 0.52207
0.57793,	 0.05700,	 0.50722
0.57864,	 0.05700,	 0.50793
0.57934,	 0.05700,	 0.50863
0.58005,	 0.05700,	 0.50934
0.58076,	 0.05700,	 0.51005
0.58147,	 0.05700,	 0.51076
0.58217,	 0.05700,	 0.51146
0.58288,	 0.05700,	 0.51217
0.58359,	 0.05700,	 0.51288
0.58429,	 0.05700,	 0.51358
0.58500,	 0.05700,	 0.51429
0.58571,	 0.05700,	 0.51500
0.58642,	 0.05700,	 0.51571
0.58712,	 0.05700,	 0.51641
0.58783,	 0.05700,	 0.51712
0.58854,	 0.05700,	 0.51783
0.58924,	 0.05700,	 0.51853
0.58995,	 0.05700,	 0.51924
0.59066,	 0.05700,	 0.51995
0.59137,	 0.05700,	 0.52066
0.59207,	 0.05700,	 0.52136
0.59278,	 0.05700,	 0.52207
0.57793,	 0.05800,	 0.50722
0.57864,	 0.05800,	 0.50793
0.57934,	 0.05800,	 0.50863
0.58005,	 0.05800,	 0.50934
0.58076,	 0.05800,	 0.51005
0.58147,	 0.05800,	 0.51076
0.58217,	 0.05800,	 0.51146
0.58288,	 0.05800,	 0.51217
0.58359,	 0.05800,	 0.51288
0.58429,	 0.05800,	 0.51358
0.58500,	 0.05800,	 0.51429
0.58571,	 0.05800,	 0.51500
0.58642,	 0.05800,	 0.51571
0.58712,	 0.05800,	 0.51641
0.58783,	 0.05800,	 0.51712
0.58854,	 0.05800,	 0.51783
0.58924,	 0.05800,	 0.51853
0.58995,	 0.05800,	 0.51924
0.59066,	 0.05800,	 0.51995
0.59137,	 0.05800,	 0.52066
0.59207,	 0.05800,	 0.52136
0.59278,	 0.05800,	 0.52207
0.57793,	 0.05900,	 0.50722
0.57864,	 0.05900,	 0.50793
0.57934,	 0.05900,	 0.50863
0.58005,	 0.05900,	 0.50934
0.58076,	 0.05900,	 0.51005
0.58147,	 0.05900,	 0.51076
0.58217,	 0.05900,	 0.51146
0.58288,	 0.05900,	 0.51217
0.58359,	 0.05900,	 0.51288
0.58429,	 0.05900,	 0.51358
0.58500,	 0.05900,	 0.51429
0.58571,	 0.05900,	 0.51500
0.58642,	 0.05900,	 0.51571
0.58712,	 0.05900,	 0.51641
0.58783,	 0.05900,	 0.51712
0.58854,	 0.05900,	 0.51783
0.58924,	 0.05900,	 0.51853
0.58995,	 0.05900,	 0.51924
0.59066,	 0.05900,	 0.51995
0.59137,	 0.05900,	 0.52066
0.59207,	 0.05900,	 0.52136
0.59278,	 0.05900,	 0.52207
0.57793,	 0.06000,	 0.50722
0.57864,	 0.06000,	 0.50793
0.57934,	 0.06000,	 0.50863
0.58005,	 0.06000,	 0.50934
0.58076,	 0.06000,	 0.51005
0.58147,	 0.06000,	 0.51076
0.58217,	 0.06000,	 0.51146
0.58288,	 0.06000,	 0.51217
0.58359,	 0.06000,	 0.51288
0.58429,	 0.06000,	 0.51358
0.58500,	 0.06000,	 0.51429
0.58571,	 0.06000,	 0.51500
0.58642,	 0.06000,	 0.51571
0.58712,	 0.06000,	 0.51641
0.58783,	 0.06000,	 0.51712
0.58854,	 0.06000,	 0.51783
0.58924,	 0.06000,	 0.51853
0.58995,	 0.06000,	 0.51924
0.59066,	 0.06000,	 0.51995
0.59137,	 0.06000,	 0.52066
0.59207,	 0.06000,	 0.52136
0.59278,	 0.06000,	 0.52207
0.57793,	 0.06100,	 0.50722
0.57864,	 0.06100,	 0.50793
0.57934,	 0.06100,	 0.50863
0.58005,	 0.06100,	 0.50934
0.58076,	 0.06100,	 0.51005
0.58147,	 0.06100,	 0.51076
0.58217,	 0.06100,	 0.51146
0.58288,	 0.06100,	 0.51217
0.58359,	 0.06100,	 0.51288
0.58429,	 0.06100,	 0.51358
0.58500,	 0.06100,	 0.51429
0.58571,	 0.06100,	 0.51500
0.58642,	 0.06100,	 0.51571
0.58712,	 0.06100,	 0.51641
0.58783,	 0.06100,	 0.51712
0.58854,	 0.06100,	 0.51783
0.58924,	 0.06100,	 0.51853
0.58995,	 0.06100,	 0.51924
0.59066,	 0.06100,	 0.51995
0.59137,	 0.06100,	 0.52066
0.59207,	 0.06100,	 0.52136
0.59278,	 0.06100,	 0.52207
0.57793,	 0.06200,	 0.50722
0.57864,	 0.06200,	 0.50793
0.57934,	 0.06200,	 0.50863
0.58005,	 0.06200,	 0.50934
0.58076,	 0.06200,	 0.51005
0.58147,	 0.06200,	 0.51076
0.58217,	 0.06200,	 0.51146
0.58288,	 0.06200,	 0.51217
0.58359,	 0.06200,	 0.51288
0.58429,	 0.06200,	 0.51358
0.58500,	 0.06200,	 0.51429
0.58571,	 0.06200,	 0.51500
0.58642,	 0.06200,	 0.51571
0.58712,	 0.06200,	 0.51641
0.58783,	 0.06200,	 0.51712
0.58854,	 0.06200,	 0.51783
0.58924,	 0.06200,	 0.51853
0.58995,	 0.06200,	 0.51924
0.59066,	 0.06200,	 0.51995
0.59137,	 0.06200,	 0.52066
0.59207,	 0.06200,	 0.52136
0.59278,	 0.06200,	 0.52207
0.57793,	 0.06300,	 0.50722
0.57864,	 0.06300,	 0.50793
0.57934,	 0.06300,	 0.50863
0.58005,	 0.06300,	 0.50934
0.58076,	 0.06300,	 0.51005
0.58147,	 0.06300,	 0.51076
0.58217,	 0.06300,	 0.51146
0.58288,	 0.06300,	 0.51217
0.58359,	 0.06300,	 0.51288
0.58429,	 0.06300,	 0.51358
0.58500,	 0.06300,	 0.51429
0.58571,	 0.06300,	 0.51500
0.58642,	 0.06300,	 0.51571
0.58712,	 0.06300,	 0.51641
0.58783,	 0.06300,	 0.51712
0.58854,	 0.06300,	 0.51783
0.58924,	 0.06300,	 0.51853
0.58995,	 0.06300,	 0.51924
0.59066,	 0.06300,	 0.51995
0.59137,	 0.06300,	 0.52066
0.59207,	 0.06300,	 0.52136
0.59278,	 0.06300,	 0.52207
0.57793,	 0.06400,	 0.50722
0.57864,	 0.06400,	 0.50793
0.57934,	 0.06400,	 0.50863
0.58005,	 0.06400,	 0.50934
0.58076,	 0.06400,	 0.51005
0.58147,	 0.06400,	 0.51076
0.58217,	 0.06400,	 0.51146
0.58288,	 0.06400,	 0.51217
0.58359,	 0.06400,	 0.51288
0.58429,	 0.06400,	 0.51358
0.58500,	 0.06400,	 0.51429
0.58571,	 0.06400,	 0.51500
0.58642,	 0.06400,	 0.51571
0.58712,	 0.06400,	 0.51641
0.58783,	 0.06400,	 0.51712
0.58854,	 0.06400,	 0.51783
0.58924,	 0.06400,	 0.51853
0.58995,	 0.06400,	 0.51924
0.59066,	 0.06400,	 0.51995
0.59137,	 0.06400,	 0.52066
0.59207,	 0.06400,	 0.52136
0.59278,	 0.06400,	 0.52207
0.57793,	 0.06500,	 0.50722
0.57864,	 0.06500,	 0.50793
0.57934,	 0.06500,	 0.50863
0.58005,	 0.06500,	 0.50934
0.58076,	 0.06500,	 0.51005
0.58147,	 0.06500,	 0.51076
0.58217,	 0.06500,	 0.51146
0.58288,	 0.06500,	 0.51217
0.58359,	 0.06500,	 0.51288
0.58429,	 0.06500,	 0.51358
0.58500,	 0.06500,	 0.51429
0.58571,	 0.06500,	 0.51500
0.58642,	 0.06500,	 0.51571
0.58712,	 0.06500,	 0.51641
0.58783,	 0.06500,	 0.51712
0.58854,	 0.06500,	 0.51783
0.58924,	 0.06500,	 0.51853
0.58995,	 0.06500,	 0.51924
0.59066,	 0.06500,	 0.51995
0.59137,	 0.06500,	 0.52066
0.59207,	 0.06500,	 0.52136
0.59278,	 0.06500,	 0.52207
0.57793,	 0.06600,	 0.50722
0.57864,	 0.06600,	 0.50793
0.57934,	 0.06600,	 0.50863
0.58005,	 0.06600,	 0.50934
0.58076,	 0.06600,	 0.51005
0.58147,	 0.06600,	 0.51076
0.58217,	 0.06600,	 0.51146
0.58288,	 0.06600,	 0.51217
0.58359,	 0.06600,	 0.51288
0.58429,	 0.06600,	 0.51358
0.58500,	 0.06600,	 0.51429
0.58571,	 0.06600,	 0.51500
0.58642,	 0.06600,	 0.51571
0.58712,	 0.06600,	 0.51641
0.58783,	 0.06600,	 0.51712
0.58854,	 0.06600,	 0.51783
0.58924,	 0.06600,	 0.51853
0.58995,	 0.06600,	 0.51924
0.59066,	 0.06600,	 0.51995
0.59137,	 0.06600,	 0.52066
0.59207,	 0.06600,	 0.52136
0.59278,	 0.06600,	 0.52207
0.57793,	 0.06700,	 0.50722
0.57864,	 0.06700,	 0.50793
0.57934,	 0.06700,	 0.50863
0.58005,	 0.06700,	 0.50934
0.58076,	 0.06700,	 0.51005
0.58147,	 0.06700,	 0.51076
0.58217,	 0.06700,	 0.51146
0.58288,	 0.06700,	 0.51217
0.58359,	 0.06700,	 0.51288
0.58429,	 0.06700,	 0.51358
0.58500,	 0.06700,	 0.51429
0.58571,	 0.06700,	 0.51500
0.58642,	 0.06700,	 0.51571
0.58712,	 0.06700,	 0.51641
0.58783,	 0.06700,	 0.51712
0.58854,	 0.06700,	 0.51783
0.58924,	 0.06700,	 0.51853
0.58995,	 0.06700,	 0.51924
0.59066,	 0.06700,	 0.51995
0.59137,	 0.06700,	 0.52066
0.59207,	 0.06700,	 0.52136
0.59278,	 0.06700,	 0.52207
0.57793,	 0.06800,	 0.50722
0.57864,	 0.06800,	 0.50793
0.57934,	 0.06800,	 0.50863
0.58005,	 0.06800,	 0.50934
0.58076,	 0.06800,	 0.51005
0.58147,	 0.06800,	 0.51076
0.58217,	 0.06800,	 0.51146
0.58288,	 0.06800,	 0.51217
0.58359,	 0.06800,	 0.51288
0.58429,	 0.06800,	 0.51358
0.58500,	 0.06800,	 0.51429
0.58571,	 0.06800,	 0.51500
0.58642,	 0.06800,	 0.51571
0.58712,	 0.06800,	 0.51641
0.58783,	 0.06800,	 0.51712
0.58854,	 0.06800,	 0.51783
0.58924,	 0.06800,	 0.51853
0.58995,	 0.06800,	 0.51924
0.59066,	 0.06800,	 0.51995
0.59137,	 0.06800,	 0.52066
0.59207,	 0.06800,	 0.52136
0.59278,	 0.06800,	 0.52207
