0.0100 0.9000
0.0144 0.9683
0.0189 1.0315
0.0236 1.0939
0.0284 1.1582
0.0333 1.2260
0.0383 1.2982
0.0434 1.3746
0.0486 1.4545
0.0539 1.5369
0.0592 1.6204
0.0647 1.7033
0.0702 1.7839
0.0758 1.8605
0.0814 1.9316
0.0872 1.9954
0.0931 2.0508
0.0991 2.0966
0.1053 2.1319
0.1116 2.1561
0.1182 2.1687
0.1250 2.1699
0.1321 2.1596
0.1395 2.1383
0.1472 2.1066
0.1554 2.0654
0.1640 2.0157
0.1732 1.9586
0.1829 1.8953
0.1933 1.8271
0.2043 1.7553
0.2161 1.6812
0.2287 1.6060
0.2422 1.5308
0.2566 1.4566
0.2719 1.3840
0.2883 1.3138
0.3057 1.2461
0.3241 1.1811
0.3437 1.1185
0.3643 1.0577
0.3861 0.9979
0.4088 0.9379
0.4326 0.8763
0.4573 0.8113
0.4828 0.7410
0.5090 0.6630
0.5357 0.5752
0.5628 0.4750
0.5900 0.3600
