0.0100 -0.4500
0.0144 -0.4372
0.0189 -0.4244
0.0236 -0.4119
0.0284 -0.3996
0.0333 -0.3876
0.0383 -0.3759
0.0434 -0.3647
0.0486 -0.3539
0.0539 -0.3436
0.0592 -0.3337
0.0647 -0.3243
0.0702 -0.3153
0.0758 -0.3069
0.0814 -0.2989
0.0872 -0.2913
0.0931 -0.2842
0.0991 -0.2776
0.1053 -0.2713
0.1116 -0.2654
0.1182 -0.2599
0.1250 -0.2547
0.1321 -0.2499
0.1395 -0.2453
0.1472 -0.2410
0.1554 -0.2370
0.1640 -0.2332
0.1732 -0.2296
0.1829 -0.2261
0.1933 -0.2228
0.2043 -0.2197
0.2161 -0.2167
0.2287 -0.2138
0.2422 -0.2109
0.2566 -0.2082
0.2719 -0.2055
0.2883 -0.2029
0.3057 -0.2004
0.3241 -0.1979
0.3437 -0.1955
0.3643 -0.1932
0.3861 -0.1909
0.4088 -0.1888
0.4326 -0.1868
0.4573 -0.1850
0.4828 -0.1834
0.5090 -0.1820
0.5357 -0.1809
0.5628 -0.1802
0.5900 -0.1800
