0.0100 0.4500
0.0144 0.4851
0.0189 0.5136
0.0236 0.5363
0.0284 0.5539
0.0333 0.5672
0.0383 0.5765
0.0434 0.5826
0.0486 0.5859
0.0539 0.5868
0.0592 0.5858
0.0647 0.5831
0.0702 0.5791
0.0758 0.5740
0.0814 0.5682
0.0872 0.5617
0.0931 0.5549
0.0991 0.5479
0.1053 0.5407
0.1116 0.5335
0.1182 0.5264
0.1250 0.5194
0.1321 0.5126
0.1395 0.5060
0.1472 0.4996
0.1554 0.4934
0.1640 0.4872
0.1732 0.4812
0.1829 0.4752
0.1933 0.4691
0.2043 0.4628
0.2161 0.4562
0.2287 0.4493
0.2422 0.4419
0.2566 0.4338
0.2719 0.4250
0.2883 0.4153
0.3057 0.4046
0.3241 0.3928
0.3437 0.3798
0.3643 0.3655
0.3861 0.3499
0.4088 0.3328
0.4326 0.3144
0.4573 0.2946
0.4828 0.2735
0.5090 0.2513
0.5357 0.2281
0.5628 0.2042
0.5900 0.1800
