0.0100 0.4500
0.0144 0.6409
0.0189 0.7898
0.0236 0.9028
0.0284 0.9853
0.0333 1.0418
0.0383 1.0768
0.0434 1.0939
0.0486 1.0963
0.0539 1.0871
0.0592 1.0686
0.0647 1.0430
0.0702 1.0122
0.0758 0.9778
0.0814 0.9410
0.0872 0.9030
0.0931 0.8647
0.0991 0.8268
0.1053 0.7899
0.1116 0.7544
0.1182 0.7206
0.1250 0.6887
0.1321 0.6589
0.1395 0.6313
0.1472 0.6057
0.1554 0.5822
0.1640 0.5607
0.1732 0.5410
0.1829 0.5230
0.1933 0.5065
0.2043 0.4914
0.2161 0.4773
0.2287 0.4642
0.2422 0.4517
0.2566 0.4398
0.2719 0.4281
0.2883 0.4165
0.3057 0.4049
0.3241 0.3929
0.3437 0.3803
0.3643 0.3671
0.3861 0.3529
0.4088 0.3376
0.4326 0.3209
0.4573 0.3027
0.4828 0.2827
0.5090 0.2607
0.5357 0.2364
0.5628 0.2096
0.5900 0.1800
