0.00100 4.07572
0.00175 4.33363
0.00249 4.50668
0.00324 4.63843
0.00399 4.74547
0.00473 4.83594
0.00548 4.91449
0.00623 4.98404
0.00697 5.04652
0.00772 5.10330
0.00847 5.15539
0.00922 5.20355
0.00996 5.24834
0.01071 5.29025
0.01146 5.32962
0.01220 5.36678
0.01295 5.40196
0.01370 5.43538
0.01444 5.46722
0.01519 5.49762
0.01594 5.52673
0.01668 5.55464
0.01743 5.58146
0.01818 5.60728
0.01892 5.63217
0.01967 5.65620
0.02042 5.67943
0.02116 5.70192
0.02191 5.72371
0.02266 5.74485
0.02341 5.76538
0.02415 5.78534
0.02490 5.80475
0.02565 5.82365
0.02639 5.84207
0.02714 5.86003
0.02789 5.87755
0.02863 5.89467
0.02938 5.91139
0.03013 5.92773
0.03087 5.94372
0.03162 5.95937
0.03237 5.97469
0.03311 5.98970
0.03386 6.00441
0.03461 6.01884
0.03535 6.03299
0.03610 6.04688
0.03685 6.06052
0.03759 6.07391
0.03834 6.08707
0.03909 6.10000
0.03984 6.11271
0.04058 6.12521
0.04133 6.13751
0.04208 6.14961
0.04282 6.16153
0.04357 6.17326
0.04432 6.18481
0.04506 6.19619
0.04581 6.20740
0.04656 6.21845
0.04730 6.22935
0.04805 6.24009
0.04880 6.25069
0.04954 6.26114
0.05029 6.27145
0.05104 6.28163
0.05178 6.29168
0.05253 6.30159
0.05328 6.31139
0.05403 6.32106
0.05477 6.33061
0.05552 6.34005
0.05627 6.34937
0.05701 6.35859
0.05776 6.36770
0.05851 6.37671
0.05925 6.38561
0.06000 6.39441
0.08700 6.66118
0.11400 6.86220
0.14100 7.02454
0.16800 7.16124
0.19500 7.27961
0.22200 7.38419
0.24900 7.47801
0.27600 7.56317
0.30300 7.64122
0.33000 7.71331
0.35700 7.78032
0.38400 7.84297
0.41100 7.90181
0.43800 7.95731
0.46500 8.00984
0.49200 8.05972
0.51900 8.10723
0.54600 8.15258
0.57300 8.19598
0.60000 8.23760
