x, y, z 
0.50723,	 0.05200,	 0.57792
0.50793,	 0.05200,	 0.57863
0.50864,	 0.05200,	 0.57934
0.50935,	 0.05200,	 0.58004
0.51006,	 0.05200,	 0.58075
0.51076,	 0.05200,	 0.58146
0.51147,	 0.05200,	 0.58217
0.51218,	 0.05200,	 0.58287
0.51288,	 0.05200,	 0.58358
0.51359,	 0.05200,	 0.58429
0.51430,	 0.05200,	 0.58499
0.51501,	 0.05200,	 0.58570
0.51571,	 0.05200,	 0.58641
0.51642,	 0.05200,	 0.58712
0.51713,	 0.05200,	 0.58782
0.51783,	 0.05200,	 0.58853
0.51854,	 0.05200,	 0.58924
0.51925,	 0.05200,	 0.58994
0.51996,	 0.05200,	 0.59065
0.52066,	 0.05200,	 0.59136
0.52137,	 0.05200,	 0.59207
0.52208,	 0.05200,	 0.59277
0.50723,	 0.05300,	 0.57792
0.50793,	 0.05300,	 0.57863
0.50864,	 0.05300,	 0.57934
0.50935,	 0.05300,	 0.58004
0.51006,	 0.05300,	 0.58075
0.51076,	 0.05300,	 0.58146
0.51147,	 0.05300,	 0.58217
0.51218,	 0.05300,	 0.58287
0.51288,	 0.05300,	 0.58358
0.51359,	 0.05300,	 0.58429
0.51430,	 0.05300,	 0.58499
0.51501,	 0.05300,	 0.58570
0.51571,	 0.05300,	 0.58641
0.51642,	 0.05300,	 0.58712
0.51713,	 0.05300,	 0.58782
0.51783,	 0.05300,	 0.58853
0.51854,	 0.05300,	 0.58924
0.51925,	 0.05300,	 0.58994
0.51996,	 0.05300,	 0.59065
0.52066,	 0.05300,	 0.59136
0.52137,	 0.05300,	 0.59207
0.52208,	 0.05300,	 0.59277
0.50723,	 0.05400,	 0.57792
0.50793,	 0.05400,	 0.57863
0.50864,	 0.05400,	 0.57934
0.50935,	 0.05400,	 0.58004
0.51006,	 0.05400,	 0.58075
0.51076,	 0.05400,	 0.58146
0.51147,	 0.05400,	 0.58217
0.51218,	 0.05400,	 0.58287
0.51288,	 0.05400,	 0.58358
0.51359,	 0.05400,	 0.58429
0.51430,	 0.05400,	 0.58499
0.51501,	 0.05400,	 0.58570
0.51571,	 0.05400,	 0.58641
0.51642,	 0.05400,	 0.58712
0.51713,	 0.05400,	 0.58782
0.51783,	 0.05400,	 0.58853
0.51854,	 0.05400,	 0.58924
0.51925,	 0.05400,	 0.58994
0.51996,	 0.05400,	 0.59065
0.52066,	 0.05400,	 0.59136
0.52137,	 0.05400,	 0.59207
0.52208,	 0.05400,	 0.59277
0.50723,	 0.05500,	 0.57792
0.50793,	 0.05500,	 0.57863
0.50864,	 0.05500,	 0.57934
0.50935,	 0.05500,	 0.58004
0.51006,	 0.05500,	 0.58075
0.51076,	 0.05500,	 0.58146
0.51147,	 0.05500,	 0.58217
0.51218,	 0.05500,	 0.58287
0.51288,	 0.05500,	 0.58358
0.51359,	 0.05500,	 0.58429
0.51430,	 0.05500,	 0.58499
0.51501,	 0.05500,	 0.58570
0.51571,	 0.05500,	 0.58641
0.51642,	 0.05500,	 0.58712
0.51713,	 0.05500,	 0.58782
0.51783,	 0.05500,	 0.58853
0.51854,	 0.05500,	 0.58924
0.51925,	 0.05500,	 0.58994
0.51996,	 0.05500,	 0.59065
0.52066,	 0.05500,	 0.59136
0.52137,	 0.05500,	 0.59207
0.52208,	 0.05500,	 0.59277
0.50723,	 0.05600,	 0.57792
0.50793,	 0.05600,	 0.57863
0.50864,	 0.05600,	 0.57934
0.50935,	 0.05600,	 0.58004
0.51006,	 0.05600,	 0.58075
0.51076,	 0.05600,	 0.58146
0.51147,	 0.05600,	 0.58217
0.51218,	 0.05600,	 0.58287
0.51288,	 0.05600,	 0.58358
0.51359,	 0.05600,	 0.58429
0.51430,	 0.05600,	 0.58499
0.51501,	 0.05600,	 0.58570
0.51571,	 0.05600,	 0.58641
0.51642,	 0.05600,	 0.58712
0.51713,	 0.05600,	 0.58782
0.51783,	 0.05600,	 0.58853
0.51854,	 0.05600,	 0.58924
0.51925,	 0.05600,	 0.58994
0.51996,	 0.05600,	 0.59065
0.52066,	 0.05600,	 0.59136
0.52137,	 0.05600,	 0.59207
0.52208,	 0.05600,	 0.59277
0.50723,	 0.05700,	 0.57792
0.50793,	 0.05700,	 0.57863
0.50864,	 0.05700,	 0.57934
0.50935,	 0.05700,	 0.58004
0.51006,	 0.05700,	 0.58075
0.51076,	 0.05700,	 0.58146
0.51147,	 0.05700,	 0.58217
0.51218,	 0.05700,	 0.58287
0.51288,	 0.05700,	 0.58358
0.51359,	 0.05700,	 0.58429
0.51430,	 0.05700,	 0.58499
0.51501,	 0.05700,	 0.58570
0.51571,	 0.05700,	 0.58641
0.51642,	 0.05700,	 0.58712
0.51713,	 0.05700,	 0.58782
0.51783,	 0.05700,	 0.58853
0.51854,	 0.05700,	 0.58924
0.51925,	 0.05700,	 0.58994
0.51996,	 0.05700,	 0.59065
0.52066,	 0.05700,	 0.59136
0.52137,	 0.05700,	 0.59207
0.52208,	 0.05700,	 0.59277
0.50723,	 0.05800,	 0.57792
0.50793,	 0.05800,	 0.57863
0.50864,	 0.05800,	 0.57934
0.50935,	 0.05800,	 0.58004
0.51006,	 0.05800,	 0.58075
0.51076,	 0.05800,	 0.58146
0.51147,	 0.05800,	 0.58217
0.51218,	 0.05800,	 0.58287
0.51288,	 0.05800,	 0.58358
0.51359,	 0.05800,	 0.58429
0.51430,	 0.05800,	 0.58499
0.51501,	 0.05800,	 0.58570
0.51571,	 0.05800,	 0.58641
0.51642,	 0.05800,	 0.58712
0.51713,	 0.05800,	 0.58782
0.51783,	 0.05800,	 0.58853
0.51854,	 0.05800,	 0.58924
0.51925,	 0.05800,	 0.58994
0.51996,	 0.05800,	 0.59065
0.52066,	 0.05800,	 0.59136
0.52137,	 0.05800,	 0.59207
0.52208,	 0.05800,	 0.59277
0.50723,	 0.05900,	 0.57792
0.50793,	 0.05900,	 0.57863
0.50864,	 0.05900,	 0.57934
0.50935,	 0.05900,	 0.58004
0.51006,	 0.05900,	 0.58075
0.51076,	 0.05900,	 0.58146
0.51147,	 0.05900,	 0.58217
0.51218,	 0.05900,	 0.58287
0.51288,	 0.05900,	 0.58358
0.51359,	 0.05900,	 0.58429
0.51430,	 0.05900,	 0.58499
0.51501,	 0.05900,	 0.58570
0.51571,	 0.05900,	 0.58641
0.51642,	 0.05900,	 0.58712
0.51713,	 0.05900,	 0.58782
0.51783,	 0.05900,	 0.58853
0.51854,	 0.05900,	 0.58924
0.51925,	 0.05900,	 0.58994
0.51996,	 0.05900,	 0.59065
0.52066,	 0.05900,	 0.59136
0.52137,	 0.05900,	 0.59207
0.52208,	 0.05900,	 0.59277
0.50723,	 0.06000,	 0.57792
0.50793,	 0.06000,	 0.57863
0.50864,	 0.06000,	 0.57934
0.50935,	 0.06000,	 0.58004
0.51006,	 0.06000,	 0.58075
0.51076,	 0.06000,	 0.58146
0.51147,	 0.06000,	 0.58217
0.51218,	 0.06000,	 0.58287
0.51288,	 0.06000,	 0.58358
0.51359,	 0.06000,	 0.58429
0.51430,	 0.06000,	 0.58499
0.51501,	 0.06000,	 0.58570
0.51571,	 0.06000,	 0.58641
0.51642,	 0.06000,	 0.58712
0.51713,	 0.06000,	 0.58782
0.51783,	 0.06000,	 0.58853
0.51854,	 0.06000,	 0.58924
0.51925,	 0.06000,	 0.58994
0.51996,	 0.06000,	 0.59065
0.52066,	 0.06000,	 0.59136
0.52137,	 0.06000,	 0.59207
0.52208,	 0.06000,	 0.59277
0.50723,	 0.06100,	 0.57792
0.50793,	 0.06100,	 0.57863
0.50864,	 0.06100,	 0.57934
0.50935,	 0.06100,	 0.58004
0.51006,	 0.06100,	 0.58075
0.51076,	 0.06100,	 0.58146
0.51147,	 0.06100,	 0.58217
0.51218,	 0.06100,	 0.58287
0.51288,	 0.06100,	 0.58358
0.51359,	 0.06100,	 0.58429
0.51430,	 0.06100,	 0.58499
0.51501,	 0.06100,	 0.58570
0.51571,	 0.06100,	 0.58641
0.51642,	 0.06100,	 0.58712
0.51713,	 0.06100,	 0.58782
0.51783,	 0.06100,	 0.58853
0.51854,	 0.06100,	 0.58924
0.51925,	 0.06100,	 0.58994
0.51996,	 0.06100,	 0.59065
0.52066,	 0.06100,	 0.59136
0.52137,	 0.06100,	 0.59207
0.52208,	 0.06100,	 0.59277
0.50723,	 0.06200,	 0.57792
0.50793,	 0.06200,	 0.57863
0.50864,	 0.06200,	 0.57934
0.50935,	 0.06200,	 0.58004
0.51006,	 0.06200,	 0.58075
0.51076,	 0.06200,	 0.58146
0.51147,	 0.06200,	 0.58217
0.51218,	 0.06200,	 0.58287
0.51288,	 0.06200,	 0.58358
0.51359,	 0.06200,	 0.58429
0.51430,	 0.06200,	 0.58499
0.51501,	 0.06200,	 0.58570
0.51571,	 0.06200,	 0.58641
0.51642,	 0.06200,	 0.58712
0.51713,	 0.06200,	 0.58782
0.51783,	 0.06200,	 0.58853
0.51854,	 0.06200,	 0.58924
0.51925,	 0.06200,	 0.58994
0.51996,	 0.06200,	 0.59065
0.52066,	 0.06200,	 0.59136
0.52137,	 0.06200,	 0.59207
0.52208,	 0.06200,	 0.59277
0.50723,	 0.06300,	 0.57792
0.50793,	 0.06300,	 0.57863
0.50864,	 0.06300,	 0.57934
0.50935,	 0.06300,	 0.58004
0.51006,	 0.06300,	 0.58075
0.51076,	 0.06300,	 0.58146
0.51147,	 0.06300,	 0.58217
0.51218,	 0.06300,	 0.58287
0.51288,	 0.06300,	 0.58358
0.51359,	 0.06300,	 0.58429
0.51430,	 0.06300,	 0.58499
0.51501,	 0.06300,	 0.58570
0.51571,	 0.06300,	 0.58641
0.51642,	 0.06300,	 0.58712
0.51713,	 0.06300,	 0.58782
0.51783,	 0.06300,	 0.58853
0.51854,	 0.06300,	 0.58924
0.51925,	 0.06300,	 0.58994
0.51996,	 0.06300,	 0.59065
0.52066,	 0.06300,	 0.59136
0.52137,	 0.06300,	 0.59207
0.52208,	 0.06300,	 0.59277
0.50723,	 0.06400,	 0.57792
0.50793,	 0.06400,	 0.57863
0.50864,	 0.06400,	 0.57934
0.50935,	 0.06400,	 0.58004
0.51006,	 0.06400,	 0.58075
0.51076,	 0.06400,	 0.58146
0.51147,	 0.06400,	 0.58217
0.51218,	 0.06400,	 0.58287
0.51288,	 0.06400,	 0.58358
0.51359,	 0.06400,	 0.58429
0.51430,	 0.06400,	 0.58499
0.51501,	 0.06400,	 0.58570
0.51571,	 0.06400,	 0.58641
0.51642,	 0.06400,	 0.58712
0.51713,	 0.06400,	 0.58782
0.51783,	 0.06400,	 0.58853
0.51854,	 0.06400,	 0.58924
0.51925,	 0.06400,	 0.58994
0.51996,	 0.06400,	 0.59065
0.52066,	 0.06400,	 0.59136
0.52137,	 0.06400,	 0.59207
0.52208,	 0.06400,	 0.59277
0.50723,	 0.06500,	 0.57792
0.50793,	 0.06500,	 0.57863
0.50864,	 0.06500,	 0.57934
0.50935,	 0.06500,	 0.58004
0.51006,	 0.06500,	 0.58075
0.51076,	 0.06500,	 0.58146
0.51147,	 0.06500,	 0.58217
0.51218,	 0.06500,	 0.58287
0.51288,	 0.06500,	 0.58358
0.51359,	 0.06500,	 0.58429
0.51430,	 0.06500,	 0.58499
0.51501,	 0.06500,	 0.58570
0.51571,	 0.06500,	 0.58641
0.51642,	 0.06500,	 0.58712
0.51713,	 0.06500,	 0.58782
0.51783,	 0.06500,	 0.58853
0.51854,	 0.06500,	 0.58924
0.51925,	 0.06500,	 0.58994
0.51996,	 0.06500,	 0.59065
0.52066,	 0.06500,	 0.59136
0.52137,	 0.06500,	 0.59207
0.52208,	 0.06500,	 0.59277
0.50723,	 0.06600,	 0.57792
0.50793,	 0.06600,	 0.57863
0.50864,	 0.06600,	 0.57934
0.50935,	 0.06600,	 0.58004
0.51006,	 0.06600,	 0.58075
0.51076,	 0.06600,	 0.58146
0.51147,	 0.06600,	 0.58217
0.51218,	 0.06600,	 0.58287
0.51288,	 0.06600,	 0.58358
0.51359,	 0.06600,	 0.58429
0.51430,	 0.06600,	 0.58499
0.51501,	 0.06600,	 0.58570
0.51571,	 0.06600,	 0.58641
0.51642,	 0.06600,	 0.58712
0.51713,	 0.06600,	 0.58782
0.51783,	 0.06600,	 0.58853
0.51854,	 0.06600,	 0.58924
0.51925,	 0.06600,	 0.58994
0.51996,	 0.06600,	 0.59065
0.52066,	 0.06600,	 0.59136
0.52137,	 0.06600,	 0.59207
0.52208,	 0.06600,	 0.59277
0.50723,	 0.06700,	 0.57792
0.50793,	 0.06700,	 0.57863
0.50864,	 0.06700,	 0.57934
0.50935,	 0.06700,	 0.58004
0.51006,	 0.06700,	 0.58075
0.51076,	 0.06700,	 0.58146
0.51147,	 0.06700,	 0.58217
0.51218,	 0.06700,	 0.58287
0.51288,	 0.06700,	 0.58358
0.51359,	 0.06700,	 0.58429
0.51430,	 0.06700,	 0.58499
0.51501,	 0.06700,	 0.58570
0.51571,	 0.06700,	 0.58641
0.51642,	 0.06700,	 0.58712
0.51713,	 0.06700,	 0.58782
0.51783,	 0.06700,	 0.58853
0.51854,	 0.06700,	 0.58924
0.51925,	 0.06700,	 0.58994
0.51996,	 0.06700,	 0.59065
0.52066,	 0.06700,	 0.59136
0.52137,	 0.06700,	 0.59207
0.52208,	 0.06700,	 0.59277
0.50723,	 0.06800,	 0.57792
0.50793,	 0.06800,	 0.57863
0.50864,	 0.06800,	 0.57934
0.50935,	 0.06800,	 0.58004
0.51006,	 0.06800,	 0.58075
0.51076,	 0.06800,	 0.58146
0.51147,	 0.06800,	 0.58217
0.51218,	 0.06800,	 0.58287
0.51288,	 0.06800,	 0.58358
0.51359,	 0.06800,	 0.58429
0.51430,	 0.06800,	 0.58499
0.51501,	 0.06800,	 0.58570
0.51571,	 0.06800,	 0.58641
0.51642,	 0.06800,	 0.58712
0.51713,	 0.06800,	 0.58782
0.51783,	 0.06800,	 0.58853
0.51854,	 0.06800,	 0.58924
0.51925,	 0.06800,	 0.58994
0.51996,	 0.06800,	 0.59065
0.52066,	 0.06800,	 0.59136
0.52137,	 0.06800,	 0.59207
0.52208,	 0.06800,	 0.59277
