x, y, z 
0.53950,	 0.01200,	 0.59999
0.54050,	 0.01200,	 0.59999
0.54150,	 0.01200,	 0.59999
0.54250,	 0.01200,	 0.59999
0.54350,	 0.01200,	 0.59999
0.54450,	 0.01200,	 0.59999
0.54550,	 0.01200,	 0.59999
0.54650,	 0.01200,	 0.59999
0.54750,	 0.01200,	 0.59999
0.54850,	 0.01200,	 0.59999
0.54950,	 0.01200,	 0.59999
0.55050,	 0.01200,	 0.59999
0.55150,	 0.01200,	 0.59999
0.55250,	 0.01200,	 0.59999
0.55350,	 0.01200,	 0.59999
0.55450,	 0.01200,	 0.59999
0.55550,	 0.01200,	 0.59999
0.55650,	 0.01200,	 0.59999
0.55750,	 0.01200,	 0.59999
0.55850,	 0.01200,	 0.59999
0.55950,	 0.01200,	 0.59999
0.56050,	 0.01200,	 0.59999
0.53950,	 0.01300,	 0.59999
0.54050,	 0.01300,	 0.59999
0.54150,	 0.01300,	 0.59999
0.54250,	 0.01300,	 0.59999
0.54350,	 0.01300,	 0.59999
0.54450,	 0.01300,	 0.59999
0.54550,	 0.01300,	 0.59999
0.54650,	 0.01300,	 0.59999
0.54750,	 0.01300,	 0.59999
0.54850,	 0.01300,	 0.59999
0.54950,	 0.01300,	 0.59999
0.55050,	 0.01300,	 0.59999
0.55150,	 0.01300,	 0.59999
0.55250,	 0.01300,	 0.59999
0.55350,	 0.01300,	 0.59999
0.55450,	 0.01300,	 0.59999
0.55550,	 0.01300,	 0.59999
0.55650,	 0.01300,	 0.59999
0.55750,	 0.01300,	 0.59999
0.55850,	 0.01300,	 0.59999
0.55950,	 0.01300,	 0.59999
0.56050,	 0.01300,	 0.59999
0.53950,	 0.01400,	 0.59999
0.54050,	 0.01400,	 0.59999
0.54150,	 0.01400,	 0.59999
0.54250,	 0.01400,	 0.59999
0.54350,	 0.01400,	 0.59999
0.54450,	 0.01400,	 0.59999
0.54550,	 0.01400,	 0.59999
0.54650,	 0.01400,	 0.59999
0.54750,	 0.01400,	 0.59999
0.54850,	 0.01400,	 0.59999
0.54950,	 0.01400,	 0.59999
0.55050,	 0.01400,	 0.59999
0.55150,	 0.01400,	 0.59999
0.55250,	 0.01400,	 0.59999
0.55350,	 0.01400,	 0.59999
0.55450,	 0.01400,	 0.59999
0.55550,	 0.01400,	 0.59999
0.55650,	 0.01400,	 0.59999
0.55750,	 0.01400,	 0.59999
0.55850,	 0.01400,	 0.59999
0.55950,	 0.01400,	 0.59999
0.56050,	 0.01400,	 0.59999
0.53950,	 0.01500,	 0.59999
0.54050,	 0.01500,	 0.59999
0.54150,	 0.01500,	 0.59999
0.54250,	 0.01500,	 0.59999
0.54350,	 0.01500,	 0.59999
0.54450,	 0.01500,	 0.59999
0.54550,	 0.01500,	 0.59999
0.54650,	 0.01500,	 0.59999
0.54750,	 0.01500,	 0.59999
0.54850,	 0.01500,	 0.59999
0.54950,	 0.01500,	 0.59999
0.55050,	 0.01500,	 0.59999
0.55150,	 0.01500,	 0.59999
0.55250,	 0.01500,	 0.59999
0.55350,	 0.01500,	 0.59999
0.55450,	 0.01500,	 0.59999
0.55550,	 0.01500,	 0.59999
0.55650,	 0.01500,	 0.59999
0.55750,	 0.01500,	 0.59999
0.55850,	 0.01500,	 0.59999
0.55950,	 0.01500,	 0.59999
0.56050,	 0.01500,	 0.59999
0.53950,	 0.01600,	 0.59999
0.54050,	 0.01600,	 0.59999
0.54150,	 0.01600,	 0.59999
0.54250,	 0.01600,	 0.59999
0.54350,	 0.01600,	 0.59999
0.54450,	 0.01600,	 0.59999
0.54550,	 0.01600,	 0.59999
0.54650,	 0.01600,	 0.59999
0.54750,	 0.01600,	 0.59999
0.54850,	 0.01600,	 0.59999
0.54950,	 0.01600,	 0.59999
0.55050,	 0.01600,	 0.59999
0.55150,	 0.01600,	 0.59999
0.55250,	 0.01600,	 0.59999
0.55350,	 0.01600,	 0.59999
0.55450,	 0.01600,	 0.59999
0.55550,	 0.01600,	 0.59999
0.55650,	 0.01600,	 0.59999
0.55750,	 0.01600,	 0.59999
0.55850,	 0.01600,	 0.59999
0.55950,	 0.01600,	 0.59999
0.56050,	 0.01600,	 0.59999
0.53950,	 0.01700,	 0.59999
0.54050,	 0.01700,	 0.59999
0.54150,	 0.01700,	 0.59999
0.54250,	 0.01700,	 0.59999
0.54350,	 0.01700,	 0.59999
0.54450,	 0.01700,	 0.59999
0.54550,	 0.01700,	 0.59999
0.54650,	 0.01700,	 0.59999
0.54750,	 0.01700,	 0.59999
0.54850,	 0.01700,	 0.59999
0.54950,	 0.01700,	 0.59999
0.55050,	 0.01700,	 0.59999
0.55150,	 0.01700,	 0.59999
0.55250,	 0.01700,	 0.59999
0.55350,	 0.01700,	 0.59999
0.55450,	 0.01700,	 0.59999
0.55550,	 0.01700,	 0.59999
0.55650,	 0.01700,	 0.59999
0.55750,	 0.01700,	 0.59999
0.55850,	 0.01700,	 0.59999
0.55950,	 0.01700,	 0.59999
0.56050,	 0.01700,	 0.59999
0.53950,	 0.01800,	 0.59999
0.54050,	 0.01800,	 0.59999
0.54150,	 0.01800,	 0.59999
0.54250,	 0.01800,	 0.59999
0.54350,	 0.01800,	 0.59999
0.54450,	 0.01800,	 0.59999
0.54550,	 0.01800,	 0.59999
0.54650,	 0.01800,	 0.59999
0.54750,	 0.01800,	 0.59999
0.54850,	 0.01800,	 0.59999
0.54950,	 0.01800,	 0.59999
0.55050,	 0.01800,	 0.59999
0.55150,	 0.01800,	 0.59999
0.55250,	 0.01800,	 0.59999
0.55350,	 0.01800,	 0.59999
0.55450,	 0.01800,	 0.59999
0.55550,	 0.01800,	 0.59999
0.55650,	 0.01800,	 0.59999
0.55750,	 0.01800,	 0.59999
0.55850,	 0.01800,	 0.59999
0.55950,	 0.01800,	 0.59999
0.56050,	 0.01800,	 0.59999
0.53950,	 0.01900,	 0.59999
0.54050,	 0.01900,	 0.59999
0.54150,	 0.01900,	 0.59999
0.54250,	 0.01900,	 0.59999
0.54350,	 0.01900,	 0.59999
0.54450,	 0.01900,	 0.59999
0.54550,	 0.01900,	 0.59999
0.54650,	 0.01900,	 0.59999
0.54750,	 0.01900,	 0.59999
0.54850,	 0.01900,	 0.59999
0.54950,	 0.01900,	 0.59999
0.55050,	 0.01900,	 0.59999
0.55150,	 0.01900,	 0.59999
0.55250,	 0.01900,	 0.59999
0.55350,	 0.01900,	 0.59999
0.55450,	 0.01900,	 0.59999
0.55550,	 0.01900,	 0.59999
0.55650,	 0.01900,	 0.59999
0.55750,	 0.01900,	 0.59999
0.55850,	 0.01900,	 0.59999
0.55950,	 0.01900,	 0.59999
0.56050,	 0.01900,	 0.59999
0.53950,	 0.02000,	 0.59999
0.54050,	 0.02000,	 0.59999
0.54150,	 0.02000,	 0.59999
0.54250,	 0.02000,	 0.59999
0.54350,	 0.02000,	 0.59999
0.54450,	 0.02000,	 0.59999
0.54550,	 0.02000,	 0.59999
0.54650,	 0.02000,	 0.59999
0.54750,	 0.02000,	 0.59999
0.54850,	 0.02000,	 0.59999
0.54950,	 0.02000,	 0.59999
0.55050,	 0.02000,	 0.59999
0.55150,	 0.02000,	 0.59999
0.55250,	 0.02000,	 0.59999
0.55350,	 0.02000,	 0.59999
0.55450,	 0.02000,	 0.59999
0.55550,	 0.02000,	 0.59999
0.55650,	 0.02000,	 0.59999
0.55750,	 0.02000,	 0.59999
0.55850,	 0.02000,	 0.59999
0.55950,	 0.02000,	 0.59999
0.56050,	 0.02000,	 0.59999
0.53950,	 0.02100,	 0.59999
0.54050,	 0.02100,	 0.59999
0.54150,	 0.02100,	 0.59999
0.54250,	 0.02100,	 0.59999
0.54350,	 0.02100,	 0.59999
0.54450,	 0.02100,	 0.59999
0.54550,	 0.02100,	 0.59999
0.54650,	 0.02100,	 0.59999
0.54750,	 0.02100,	 0.59999
0.54850,	 0.02100,	 0.59999
0.54950,	 0.02100,	 0.59999
0.55050,	 0.02100,	 0.59999
0.55150,	 0.02100,	 0.59999
0.55250,	 0.02100,	 0.59999
0.55350,	 0.02100,	 0.59999
0.55450,	 0.02100,	 0.59999
0.55550,	 0.02100,	 0.59999
0.55650,	 0.02100,	 0.59999
0.55750,	 0.02100,	 0.59999
0.55850,	 0.02100,	 0.59999
0.55950,	 0.02100,	 0.59999
0.56050,	 0.02100,	 0.59999
0.53950,	 0.02200,	 0.59999
0.54050,	 0.02200,	 0.59999
0.54150,	 0.02200,	 0.59999
0.54250,	 0.02200,	 0.59999
0.54350,	 0.02200,	 0.59999
0.54450,	 0.02200,	 0.59999
0.54550,	 0.02200,	 0.59999
0.54650,	 0.02200,	 0.59999
0.54750,	 0.02200,	 0.59999
0.54850,	 0.02200,	 0.59999
0.54950,	 0.02200,	 0.59999
0.55050,	 0.02200,	 0.59999
0.55150,	 0.02200,	 0.59999
0.55250,	 0.02200,	 0.59999
0.55350,	 0.02200,	 0.59999
0.55450,	 0.02200,	 0.59999
0.55550,	 0.02200,	 0.59999
0.55650,	 0.02200,	 0.59999
0.55750,	 0.02200,	 0.59999
0.55850,	 0.02200,	 0.59999
0.55950,	 0.02200,	 0.59999
0.56050,	 0.02200,	 0.59999
0.53950,	 0.02300,	 0.59999
0.54050,	 0.02300,	 0.59999
0.54150,	 0.02300,	 0.59999
0.54250,	 0.02300,	 0.59999
0.54350,	 0.02300,	 0.59999
0.54450,	 0.02300,	 0.59999
0.54550,	 0.02300,	 0.59999
0.54650,	 0.02300,	 0.59999
0.54750,	 0.02300,	 0.59999
0.54850,	 0.02300,	 0.59999
0.54950,	 0.02300,	 0.59999
0.55050,	 0.02300,	 0.59999
0.55150,	 0.02300,	 0.59999
0.55250,	 0.02300,	 0.59999
0.55350,	 0.02300,	 0.59999
0.55450,	 0.02300,	 0.59999
0.55550,	 0.02300,	 0.59999
0.55650,	 0.02300,	 0.59999
0.55750,	 0.02300,	 0.59999
0.55850,	 0.02300,	 0.59999
0.55950,	 0.02300,	 0.59999
0.56050,	 0.02300,	 0.59999
0.53950,	 0.02400,	 0.59999
0.54050,	 0.02400,	 0.59999
0.54150,	 0.02400,	 0.59999
0.54250,	 0.02400,	 0.59999
0.54350,	 0.02400,	 0.59999
0.54450,	 0.02400,	 0.59999
0.54550,	 0.02400,	 0.59999
0.54650,	 0.02400,	 0.59999
0.54750,	 0.02400,	 0.59999
0.54850,	 0.02400,	 0.59999
0.54950,	 0.02400,	 0.59999
0.55050,	 0.02400,	 0.59999
0.55150,	 0.02400,	 0.59999
0.55250,	 0.02400,	 0.59999
0.55350,	 0.02400,	 0.59999
0.55450,	 0.02400,	 0.59999
0.55550,	 0.02400,	 0.59999
0.55650,	 0.02400,	 0.59999
0.55750,	 0.02400,	 0.59999
0.55850,	 0.02400,	 0.59999
0.55950,	 0.02400,	 0.59999
0.56050,	 0.02400,	 0.59999
0.53950,	 0.02500,	 0.59999
0.54050,	 0.02500,	 0.59999
0.54150,	 0.02500,	 0.59999
0.54250,	 0.02500,	 0.59999
0.54350,	 0.02500,	 0.59999
0.54450,	 0.02500,	 0.59999
0.54550,	 0.02500,	 0.59999
0.54650,	 0.02500,	 0.59999
0.54750,	 0.02500,	 0.59999
0.54850,	 0.02500,	 0.59999
0.54950,	 0.02500,	 0.59999
0.55050,	 0.02500,	 0.59999
0.55150,	 0.02500,	 0.59999
0.55250,	 0.02500,	 0.59999
0.55350,	 0.02500,	 0.59999
0.55450,	 0.02500,	 0.59999
0.55550,	 0.02500,	 0.59999
0.55650,	 0.02500,	 0.59999
0.55750,	 0.02500,	 0.59999
0.55850,	 0.02500,	 0.59999
0.55950,	 0.02500,	 0.59999
0.56050,	 0.02500,	 0.59999
0.53950,	 0.02600,	 0.59999
0.54050,	 0.02600,	 0.59999
0.54150,	 0.02600,	 0.59999
0.54250,	 0.02600,	 0.59999
0.54350,	 0.02600,	 0.59999
0.54450,	 0.02600,	 0.59999
0.54550,	 0.02600,	 0.59999
0.54650,	 0.02600,	 0.59999
0.54750,	 0.02600,	 0.59999
0.54850,	 0.02600,	 0.59999
0.54950,	 0.02600,	 0.59999
0.55050,	 0.02600,	 0.59999
0.55150,	 0.02600,	 0.59999
0.55250,	 0.02600,	 0.59999
0.55350,	 0.02600,	 0.59999
0.55450,	 0.02600,	 0.59999
0.55550,	 0.02600,	 0.59999
0.55650,	 0.02600,	 0.59999
0.55750,	 0.02600,	 0.59999
0.55850,	 0.02600,	 0.59999
0.55950,	 0.02600,	 0.59999
0.56050,	 0.02600,	 0.59999
0.53950,	 0.02700,	 0.59999
0.54050,	 0.02700,	 0.59999
0.54150,	 0.02700,	 0.59999
0.54250,	 0.02700,	 0.59999
0.54350,	 0.02700,	 0.59999
0.54450,	 0.02700,	 0.59999
0.54550,	 0.02700,	 0.59999
0.54650,	 0.02700,	 0.59999
0.54750,	 0.02700,	 0.59999
0.54850,	 0.02700,	 0.59999
0.54950,	 0.02700,	 0.59999
0.55050,	 0.02700,	 0.59999
0.55150,	 0.02700,	 0.59999
0.55250,	 0.02700,	 0.59999
0.55350,	 0.02700,	 0.59999
0.55450,	 0.02700,	 0.59999
0.55550,	 0.02700,	 0.59999
0.55650,	 0.02700,	 0.59999
0.55750,	 0.02700,	 0.59999
0.55850,	 0.02700,	 0.59999
0.55950,	 0.02700,	 0.59999
0.56050,	 0.02700,	 0.59999
0.53950,	 0.02800,	 0.59999
0.54050,	 0.02800,	 0.59999
0.54150,	 0.02800,	 0.59999
0.54250,	 0.02800,	 0.59999
0.54350,	 0.02800,	 0.59999
0.54450,	 0.02800,	 0.59999
0.54550,	 0.02800,	 0.59999
0.54650,	 0.02800,	 0.59999
0.54750,	 0.02800,	 0.59999
0.54850,	 0.02800,	 0.59999
0.54950,	 0.02800,	 0.59999
0.55050,	 0.02800,	 0.59999
0.55150,	 0.02800,	 0.59999
0.55250,	 0.02800,	 0.59999
0.55350,	 0.02800,	 0.59999
0.55450,	 0.02800,	 0.59999
0.55550,	 0.02800,	 0.59999
0.55650,	 0.02800,	 0.59999
0.55750,	 0.02800,	 0.59999
0.55850,	 0.02800,	 0.59999
0.55950,	 0.02800,	 0.59999
0.56050,	 0.02800,	 0.59999
