x, y, z 
0.60000,	 0.03200,	 0.53950
0.60000,	 0.03200,	 0.54050
0.60000,	 0.03200,	 0.54150
0.60000,	 0.03200,	 0.54250
0.60000,	 0.03200,	 0.54350
0.60000,	 0.03200,	 0.54450
0.60000,	 0.03200,	 0.54550
0.60000,	 0.03200,	 0.54650
0.60000,	 0.03200,	 0.54750
0.60000,	 0.03200,	 0.54850
0.60000,	 0.03200,	 0.54950
0.60000,	 0.03200,	 0.55050
0.60000,	 0.03200,	 0.55150
0.60000,	 0.03200,	 0.55250
0.60000,	 0.03200,	 0.55350
0.60000,	 0.03200,	 0.55450
0.60000,	 0.03200,	 0.55550
0.60000,	 0.03200,	 0.55650
0.60000,	 0.03200,	 0.55750
0.60000,	 0.03200,	 0.55850
0.60000,	 0.03200,	 0.55950
0.60000,	 0.03200,	 0.56050
0.60000,	 0.03300,	 0.53950
0.60000,	 0.03300,	 0.54050
0.60000,	 0.03300,	 0.54150
0.60000,	 0.03300,	 0.54250
0.60000,	 0.03300,	 0.54350
0.60000,	 0.03300,	 0.54450
0.60000,	 0.03300,	 0.54550
0.60000,	 0.03300,	 0.54650
0.60000,	 0.03300,	 0.54750
0.60000,	 0.03300,	 0.54850
0.60000,	 0.03300,	 0.54950
0.60000,	 0.03300,	 0.55050
0.60000,	 0.03300,	 0.55150
0.60000,	 0.03300,	 0.55250
0.60000,	 0.03300,	 0.55350
0.60000,	 0.03300,	 0.55450
0.60000,	 0.03300,	 0.55550
0.60000,	 0.03300,	 0.55650
0.60000,	 0.03300,	 0.55750
0.60000,	 0.03300,	 0.55850
0.60000,	 0.03300,	 0.55950
0.60000,	 0.03300,	 0.56050
0.60000,	 0.03400,	 0.53950
0.60000,	 0.03400,	 0.54050
0.60000,	 0.03400,	 0.54150
0.60000,	 0.03400,	 0.54250
0.60000,	 0.03400,	 0.54350
0.60000,	 0.03400,	 0.54450
0.60000,	 0.03400,	 0.54550
0.60000,	 0.03400,	 0.54650
0.60000,	 0.03400,	 0.54750
0.60000,	 0.03400,	 0.54850
0.60000,	 0.03400,	 0.54950
0.60000,	 0.03400,	 0.55050
0.60000,	 0.03400,	 0.55150
0.60000,	 0.03400,	 0.55250
0.60000,	 0.03400,	 0.55350
0.60000,	 0.03400,	 0.55450
0.60000,	 0.03400,	 0.55550
0.60000,	 0.03400,	 0.55650
0.60000,	 0.03400,	 0.55750
0.60000,	 0.03400,	 0.55850
0.60000,	 0.03400,	 0.55950
0.60000,	 0.03400,	 0.56050
0.60000,	 0.03500,	 0.53950
0.60000,	 0.03500,	 0.54050
0.60000,	 0.03500,	 0.54150
0.60000,	 0.03500,	 0.54250
0.60000,	 0.03500,	 0.54350
0.60000,	 0.03500,	 0.54450
0.60000,	 0.03500,	 0.54550
0.60000,	 0.03500,	 0.54650
0.60000,	 0.03500,	 0.54750
0.60000,	 0.03500,	 0.54850
0.60000,	 0.03500,	 0.54950
0.60000,	 0.03500,	 0.55050
0.60000,	 0.03500,	 0.55150
0.60000,	 0.03500,	 0.55250
0.60000,	 0.03500,	 0.55350
0.60000,	 0.03500,	 0.55450
0.60000,	 0.03500,	 0.55550
0.60000,	 0.03500,	 0.55650
0.60000,	 0.03500,	 0.55750
0.60000,	 0.03500,	 0.55850
0.60000,	 0.03500,	 0.55950
0.60000,	 0.03500,	 0.56050
0.60000,	 0.03600,	 0.53950
0.60000,	 0.03600,	 0.54050
0.60000,	 0.03600,	 0.54150
0.60000,	 0.03600,	 0.54250
0.60000,	 0.03600,	 0.54350
0.60000,	 0.03600,	 0.54450
0.60000,	 0.03600,	 0.54550
0.60000,	 0.03600,	 0.54650
0.60000,	 0.03600,	 0.54750
0.60000,	 0.03600,	 0.54850
0.60000,	 0.03600,	 0.54950
0.60000,	 0.03600,	 0.55050
0.60000,	 0.03600,	 0.55150
0.60000,	 0.03600,	 0.55250
0.60000,	 0.03600,	 0.55350
0.60000,	 0.03600,	 0.55450
0.60000,	 0.03600,	 0.55550
0.60000,	 0.03600,	 0.55650
0.60000,	 0.03600,	 0.55750
0.60000,	 0.03600,	 0.55850
0.60000,	 0.03600,	 0.55950
0.60000,	 0.03600,	 0.56050
0.60000,	 0.03700,	 0.53950
0.60000,	 0.03700,	 0.54050
0.60000,	 0.03700,	 0.54150
0.60000,	 0.03700,	 0.54250
0.60000,	 0.03700,	 0.54350
0.60000,	 0.03700,	 0.54450
0.60000,	 0.03700,	 0.54550
0.60000,	 0.03700,	 0.54650
0.60000,	 0.03700,	 0.54750
0.60000,	 0.03700,	 0.54850
0.60000,	 0.03700,	 0.54950
0.60000,	 0.03700,	 0.55050
0.60000,	 0.03700,	 0.55150
0.60000,	 0.03700,	 0.55250
0.60000,	 0.03700,	 0.55350
0.60000,	 0.03700,	 0.55450
0.60000,	 0.03700,	 0.55550
0.60000,	 0.03700,	 0.55650
0.60000,	 0.03700,	 0.55750
0.60000,	 0.03700,	 0.55850
0.60000,	 0.03700,	 0.55950
0.60000,	 0.03700,	 0.56050
0.60000,	 0.03800,	 0.53950
0.60000,	 0.03800,	 0.54050
0.60000,	 0.03800,	 0.54150
0.60000,	 0.03800,	 0.54250
0.60000,	 0.03800,	 0.54350
0.60000,	 0.03800,	 0.54450
0.60000,	 0.03800,	 0.54550
0.60000,	 0.03800,	 0.54650
0.60000,	 0.03800,	 0.54750
0.60000,	 0.03800,	 0.54850
0.60000,	 0.03800,	 0.54950
0.60000,	 0.03800,	 0.55050
0.60000,	 0.03800,	 0.55150
0.60000,	 0.03800,	 0.55250
0.60000,	 0.03800,	 0.55350
0.60000,	 0.03800,	 0.55450
0.60000,	 0.03800,	 0.55550
0.60000,	 0.03800,	 0.55650
0.60000,	 0.03800,	 0.55750
0.60000,	 0.03800,	 0.55850
0.60000,	 0.03800,	 0.55950
0.60000,	 0.03800,	 0.56050
0.60000,	 0.03900,	 0.53950
0.60000,	 0.03900,	 0.54050
0.60000,	 0.03900,	 0.54150
0.60000,	 0.03900,	 0.54250
0.60000,	 0.03900,	 0.54350
0.60000,	 0.03900,	 0.54450
0.60000,	 0.03900,	 0.54550
0.60000,	 0.03900,	 0.54650
0.60000,	 0.03900,	 0.54750
0.60000,	 0.03900,	 0.54850
0.60000,	 0.03900,	 0.54950
0.60000,	 0.03900,	 0.55050
0.60000,	 0.03900,	 0.55150
0.60000,	 0.03900,	 0.55250
0.60000,	 0.03900,	 0.55350
0.60000,	 0.03900,	 0.55450
0.60000,	 0.03900,	 0.55550
0.60000,	 0.03900,	 0.55650
0.60000,	 0.03900,	 0.55750
0.60000,	 0.03900,	 0.55850
0.60000,	 0.03900,	 0.55950
0.60000,	 0.03900,	 0.56050
0.60000,	 0.04000,	 0.53950
0.60000,	 0.04000,	 0.54050
0.60000,	 0.04000,	 0.54150
0.60000,	 0.04000,	 0.54250
0.60000,	 0.04000,	 0.54350
0.60000,	 0.04000,	 0.54450
0.60000,	 0.04000,	 0.54550
0.60000,	 0.04000,	 0.54650
0.60000,	 0.04000,	 0.54750
0.60000,	 0.04000,	 0.54850
0.60000,	 0.04000,	 0.54950
0.60000,	 0.04000,	 0.55050
0.60000,	 0.04000,	 0.55150
0.60000,	 0.04000,	 0.55250
0.60000,	 0.04000,	 0.55350
0.60000,	 0.04000,	 0.55450
0.60000,	 0.04000,	 0.55550
0.60000,	 0.04000,	 0.55650
0.60000,	 0.04000,	 0.55750
0.60000,	 0.04000,	 0.55850
0.60000,	 0.04000,	 0.55950
0.60000,	 0.04000,	 0.56050
0.60000,	 0.04100,	 0.53950
0.60000,	 0.04100,	 0.54050
0.60000,	 0.04100,	 0.54150
0.60000,	 0.04100,	 0.54250
0.60000,	 0.04100,	 0.54350
0.60000,	 0.04100,	 0.54450
0.60000,	 0.04100,	 0.54550
0.60000,	 0.04100,	 0.54650
0.60000,	 0.04100,	 0.54750
0.60000,	 0.04100,	 0.54850
0.60000,	 0.04100,	 0.54950
0.60000,	 0.04100,	 0.55050
0.60000,	 0.04100,	 0.55150
0.60000,	 0.04100,	 0.55250
0.60000,	 0.04100,	 0.55350
0.60000,	 0.04100,	 0.55450
0.60000,	 0.04100,	 0.55550
0.60000,	 0.04100,	 0.55650
0.60000,	 0.04100,	 0.55750
0.60000,	 0.04100,	 0.55850
0.60000,	 0.04100,	 0.55950
0.60000,	 0.04100,	 0.56050
0.60000,	 0.04200,	 0.53950
0.60000,	 0.04200,	 0.54050
0.60000,	 0.04200,	 0.54150
0.60000,	 0.04200,	 0.54250
0.60000,	 0.04200,	 0.54350
0.60000,	 0.04200,	 0.54450
0.60000,	 0.04200,	 0.54550
0.60000,	 0.04200,	 0.54650
0.60000,	 0.04200,	 0.54750
0.60000,	 0.04200,	 0.54850
0.60000,	 0.04200,	 0.54950
0.60000,	 0.04200,	 0.55050
0.60000,	 0.04200,	 0.55150
0.60000,	 0.04200,	 0.55250
0.60000,	 0.04200,	 0.55350
0.60000,	 0.04200,	 0.55450
0.60000,	 0.04200,	 0.55550
0.60000,	 0.04200,	 0.55650
0.60000,	 0.04200,	 0.55750
0.60000,	 0.04200,	 0.55850
0.60000,	 0.04200,	 0.55950
0.60000,	 0.04200,	 0.56050
0.60000,	 0.04300,	 0.53950
0.60000,	 0.04300,	 0.54050
0.60000,	 0.04300,	 0.54150
0.60000,	 0.04300,	 0.54250
0.60000,	 0.04300,	 0.54350
0.60000,	 0.04300,	 0.54450
0.60000,	 0.04300,	 0.54550
0.60000,	 0.04300,	 0.54650
0.60000,	 0.04300,	 0.54750
0.60000,	 0.04300,	 0.54850
0.60000,	 0.04300,	 0.54950
0.60000,	 0.04300,	 0.55050
0.60000,	 0.04300,	 0.55150
0.60000,	 0.04300,	 0.55250
0.60000,	 0.04300,	 0.55350
0.60000,	 0.04300,	 0.55450
0.60000,	 0.04300,	 0.55550
0.60000,	 0.04300,	 0.55650
0.60000,	 0.04300,	 0.55750
0.60000,	 0.04300,	 0.55850
0.60000,	 0.04300,	 0.55950
0.60000,	 0.04300,	 0.56050
0.60000,	 0.04400,	 0.53950
0.60000,	 0.04400,	 0.54050
0.60000,	 0.04400,	 0.54150
0.60000,	 0.04400,	 0.54250
0.60000,	 0.04400,	 0.54350
0.60000,	 0.04400,	 0.54450
0.60000,	 0.04400,	 0.54550
0.60000,	 0.04400,	 0.54650
0.60000,	 0.04400,	 0.54750
0.60000,	 0.04400,	 0.54850
0.60000,	 0.04400,	 0.54950
0.60000,	 0.04400,	 0.55050
0.60000,	 0.04400,	 0.55150
0.60000,	 0.04400,	 0.55250
0.60000,	 0.04400,	 0.55350
0.60000,	 0.04400,	 0.55450
0.60000,	 0.04400,	 0.55550
0.60000,	 0.04400,	 0.55650
0.60000,	 0.04400,	 0.55750
0.60000,	 0.04400,	 0.55850
0.60000,	 0.04400,	 0.55950
0.60000,	 0.04400,	 0.56050
0.60000,	 0.04500,	 0.53950
0.60000,	 0.04500,	 0.54050
0.60000,	 0.04500,	 0.54150
0.60000,	 0.04500,	 0.54250
0.60000,	 0.04500,	 0.54350
0.60000,	 0.04500,	 0.54450
0.60000,	 0.04500,	 0.54550
0.60000,	 0.04500,	 0.54650
0.60000,	 0.04500,	 0.54750
0.60000,	 0.04500,	 0.54850
0.60000,	 0.04500,	 0.54950
0.60000,	 0.04500,	 0.55050
0.60000,	 0.04500,	 0.55150
0.60000,	 0.04500,	 0.55250
0.60000,	 0.04500,	 0.55350
0.60000,	 0.04500,	 0.55450
0.60000,	 0.04500,	 0.55550
0.60000,	 0.04500,	 0.55650
0.60000,	 0.04500,	 0.55750
0.60000,	 0.04500,	 0.55850
0.60000,	 0.04500,	 0.55950
0.60000,	 0.04500,	 0.56050
0.60000,	 0.04600,	 0.53950
0.60000,	 0.04600,	 0.54050
0.60000,	 0.04600,	 0.54150
0.60000,	 0.04600,	 0.54250
0.60000,	 0.04600,	 0.54350
0.60000,	 0.04600,	 0.54450
0.60000,	 0.04600,	 0.54550
0.60000,	 0.04600,	 0.54650
0.60000,	 0.04600,	 0.54750
0.60000,	 0.04600,	 0.54850
0.60000,	 0.04600,	 0.54950
0.60000,	 0.04600,	 0.55050
0.60000,	 0.04600,	 0.55150
0.60000,	 0.04600,	 0.55250
0.60000,	 0.04600,	 0.55350
0.60000,	 0.04600,	 0.55450
0.60000,	 0.04600,	 0.55550
0.60000,	 0.04600,	 0.55650
0.60000,	 0.04600,	 0.55750
0.60000,	 0.04600,	 0.55850
0.60000,	 0.04600,	 0.55950
0.60000,	 0.04600,	 0.56050
0.60000,	 0.04700,	 0.53950
0.60000,	 0.04700,	 0.54050
0.60000,	 0.04700,	 0.54150
0.60000,	 0.04700,	 0.54250
0.60000,	 0.04700,	 0.54350
0.60000,	 0.04700,	 0.54450
0.60000,	 0.04700,	 0.54550
0.60000,	 0.04700,	 0.54650
0.60000,	 0.04700,	 0.54750
0.60000,	 0.04700,	 0.54850
0.60000,	 0.04700,	 0.54950
0.60000,	 0.04700,	 0.55050
0.60000,	 0.04700,	 0.55150
0.60000,	 0.04700,	 0.55250
0.60000,	 0.04700,	 0.55350
0.60000,	 0.04700,	 0.55450
0.60000,	 0.04700,	 0.55550
0.60000,	 0.04700,	 0.55650
0.60000,	 0.04700,	 0.55750
0.60000,	 0.04700,	 0.55850
0.60000,	 0.04700,	 0.55950
0.60000,	 0.04700,	 0.56050
0.60000,	 0.04800,	 0.53950
0.60000,	 0.04800,	 0.54050
0.60000,	 0.04800,	 0.54150
0.60000,	 0.04800,	 0.54250
0.60000,	 0.04800,	 0.54350
0.60000,	 0.04800,	 0.54450
0.60000,	 0.04800,	 0.54550
0.60000,	 0.04800,	 0.54650
0.60000,	 0.04800,	 0.54750
0.60000,	 0.04800,	 0.54850
0.60000,	 0.04800,	 0.54950
0.60000,	 0.04800,	 0.55050
0.60000,	 0.04800,	 0.55150
0.60000,	 0.04800,	 0.55250
0.60000,	 0.04800,	 0.55350
0.60000,	 0.04800,	 0.55450
0.60000,	 0.04800,	 0.55550
0.60000,	 0.04800,	 0.55650
0.60000,	 0.04800,	 0.55750
0.60000,	 0.04800,	 0.55850
0.60000,	 0.04800,	 0.55950
0.60000,	 0.04800,	 0.56050
