x, y, z 
0.57793,	 0.01200,	 0.50722
0.57864,	 0.01200,	 0.50793
0.57934,	 0.01200,	 0.50863
0.58005,	 0.01200,	 0.50934
0.58076,	 0.01200,	 0.51005
0.58147,	 0.01200,	 0.51076
0.58217,	 0.01200,	 0.51146
0.58288,	 0.01200,	 0.51217
0.58359,	 0.01200,	 0.51288
0.58429,	 0.01200,	 0.51358
0.58500,	 0.01200,	 0.51429
0.58571,	 0.01200,	 0.51500
0.58642,	 0.01200,	 0.51571
0.58712,	 0.01200,	 0.51641
0.58783,	 0.01200,	 0.51712
0.58854,	 0.01200,	 0.51783
0.58924,	 0.01200,	 0.51853
0.58995,	 0.01200,	 0.51924
0.59066,	 0.01200,	 0.51995
0.59137,	 0.01200,	 0.52066
0.59207,	 0.01200,	 0.52136
0.59278,	 0.01200,	 0.52207
0.57793,	 0.01300,	 0.50722
0.57864,	 0.01300,	 0.50793
0.57934,	 0.01300,	 0.50863
0.58005,	 0.01300,	 0.50934
0.58076,	 0.01300,	 0.51005
0.58147,	 0.01300,	 0.51076
0.58217,	 0.01300,	 0.51146
0.58288,	 0.01300,	 0.51217
0.58359,	 0.01300,	 0.51288
0.58429,	 0.01300,	 0.51358
0.58500,	 0.01300,	 0.51429
0.58571,	 0.01300,	 0.51500
0.58642,	 0.01300,	 0.51571
0.58712,	 0.01300,	 0.51641
0.58783,	 0.01300,	 0.51712
0.58854,	 0.01300,	 0.51783
0.58924,	 0.01300,	 0.51853
0.58995,	 0.01300,	 0.51924
0.59066,	 0.01300,	 0.51995
0.59137,	 0.01300,	 0.52066
0.59207,	 0.01300,	 0.52136
0.59278,	 0.01300,	 0.52207
0.57793,	 0.01400,	 0.50722
0.57864,	 0.01400,	 0.50793
0.57934,	 0.01400,	 0.50863
0.58005,	 0.01400,	 0.50934
0.58076,	 0.01400,	 0.51005
0.58147,	 0.01400,	 0.51076
0.58217,	 0.01400,	 0.51146
0.58288,	 0.01400,	 0.51217
0.58359,	 0.01400,	 0.51288
0.58429,	 0.01400,	 0.51358
0.58500,	 0.01400,	 0.51429
0.58571,	 0.01400,	 0.51500
0.58642,	 0.01400,	 0.51571
0.58712,	 0.01400,	 0.51641
0.58783,	 0.01400,	 0.51712
0.58854,	 0.01400,	 0.51783
0.58924,	 0.01400,	 0.51853
0.58995,	 0.01400,	 0.51924
0.59066,	 0.01400,	 0.51995
0.59137,	 0.01400,	 0.52066
0.59207,	 0.01400,	 0.52136
0.59278,	 0.01400,	 0.52207
0.57793,	 0.01500,	 0.50722
0.57864,	 0.01500,	 0.50793
0.57934,	 0.01500,	 0.50863
0.58005,	 0.01500,	 0.50934
0.58076,	 0.01500,	 0.51005
0.58147,	 0.01500,	 0.51076
0.58217,	 0.01500,	 0.51146
0.58288,	 0.01500,	 0.51217
0.58359,	 0.01500,	 0.51288
0.58429,	 0.01500,	 0.51358
0.58500,	 0.01500,	 0.51429
0.58571,	 0.01500,	 0.51500
0.58642,	 0.01500,	 0.51571
0.58712,	 0.01500,	 0.51641
0.58783,	 0.01500,	 0.51712
0.58854,	 0.01500,	 0.51783
0.58924,	 0.01500,	 0.51853
0.58995,	 0.01500,	 0.51924
0.59066,	 0.01500,	 0.51995
0.59137,	 0.01500,	 0.52066
0.59207,	 0.01500,	 0.52136
0.59278,	 0.01500,	 0.52207
0.57793,	 0.01600,	 0.50722
0.57864,	 0.01600,	 0.50793
0.57934,	 0.01600,	 0.50863
0.58005,	 0.01600,	 0.50934
0.58076,	 0.01600,	 0.51005
0.58147,	 0.01600,	 0.51076
0.58217,	 0.01600,	 0.51146
0.58288,	 0.01600,	 0.51217
0.58359,	 0.01600,	 0.51288
0.58429,	 0.01600,	 0.51358
0.58500,	 0.01600,	 0.51429
0.58571,	 0.01600,	 0.51500
0.58642,	 0.01600,	 0.51571
0.58712,	 0.01600,	 0.51641
0.58783,	 0.01600,	 0.51712
0.58854,	 0.01600,	 0.51783
0.58924,	 0.01600,	 0.51853
0.58995,	 0.01600,	 0.51924
0.59066,	 0.01600,	 0.51995
0.59137,	 0.01600,	 0.52066
0.59207,	 0.01600,	 0.52136
0.59278,	 0.01600,	 0.52207
0.57793,	 0.01700,	 0.50722
0.57864,	 0.01700,	 0.50793
0.57934,	 0.01700,	 0.50863
0.58005,	 0.01700,	 0.50934
0.58076,	 0.01700,	 0.51005
0.58147,	 0.01700,	 0.51076
0.58217,	 0.01700,	 0.51146
0.58288,	 0.01700,	 0.51217
0.58359,	 0.01700,	 0.51288
0.58429,	 0.01700,	 0.51358
0.58500,	 0.01700,	 0.51429
0.58571,	 0.01700,	 0.51500
0.58642,	 0.01700,	 0.51571
0.58712,	 0.01700,	 0.51641
0.58783,	 0.01700,	 0.51712
0.58854,	 0.01700,	 0.51783
0.58924,	 0.01700,	 0.51853
0.58995,	 0.01700,	 0.51924
0.59066,	 0.01700,	 0.51995
0.59137,	 0.01700,	 0.52066
0.59207,	 0.01700,	 0.52136
0.59278,	 0.01700,	 0.52207
0.57793,	 0.01800,	 0.50722
0.57864,	 0.01800,	 0.50793
0.57934,	 0.01800,	 0.50863
0.58005,	 0.01800,	 0.50934
0.58076,	 0.01800,	 0.51005
0.58147,	 0.01800,	 0.51076
0.58217,	 0.01800,	 0.51146
0.58288,	 0.01800,	 0.51217
0.58359,	 0.01800,	 0.51288
0.58429,	 0.01800,	 0.51358
0.58500,	 0.01800,	 0.51429
0.58571,	 0.01800,	 0.51500
0.58642,	 0.01800,	 0.51571
0.58712,	 0.01800,	 0.51641
0.58783,	 0.01800,	 0.51712
0.58854,	 0.01800,	 0.51783
0.58924,	 0.01800,	 0.51853
0.58995,	 0.01800,	 0.51924
0.59066,	 0.01800,	 0.51995
0.59137,	 0.01800,	 0.52066
0.59207,	 0.01800,	 0.52136
0.59278,	 0.01800,	 0.52207
0.57793,	 0.01900,	 0.50722
0.57864,	 0.01900,	 0.50793
0.57934,	 0.01900,	 0.50863
0.58005,	 0.01900,	 0.50934
0.58076,	 0.01900,	 0.51005
0.58147,	 0.01900,	 0.51076
0.58217,	 0.01900,	 0.51146
0.58288,	 0.01900,	 0.51217
0.58359,	 0.01900,	 0.51288
0.58429,	 0.01900,	 0.51358
0.58500,	 0.01900,	 0.51429
0.58571,	 0.01900,	 0.51500
0.58642,	 0.01900,	 0.51571
0.58712,	 0.01900,	 0.51641
0.58783,	 0.01900,	 0.51712
0.58854,	 0.01900,	 0.51783
0.58924,	 0.01900,	 0.51853
0.58995,	 0.01900,	 0.51924
0.59066,	 0.01900,	 0.51995
0.59137,	 0.01900,	 0.52066
0.59207,	 0.01900,	 0.52136
0.59278,	 0.01900,	 0.52207
0.57793,	 0.02000,	 0.50722
0.57864,	 0.02000,	 0.50793
0.57934,	 0.02000,	 0.50863
0.58005,	 0.02000,	 0.50934
0.58076,	 0.02000,	 0.51005
0.58147,	 0.02000,	 0.51076
0.58217,	 0.02000,	 0.51146
0.58288,	 0.02000,	 0.51217
0.58359,	 0.02000,	 0.51288
0.58429,	 0.02000,	 0.51358
0.58500,	 0.02000,	 0.51429
0.58571,	 0.02000,	 0.51500
0.58642,	 0.02000,	 0.51571
0.58712,	 0.02000,	 0.51641
0.58783,	 0.02000,	 0.51712
0.58854,	 0.02000,	 0.51783
0.58924,	 0.02000,	 0.51853
0.58995,	 0.02000,	 0.51924
0.59066,	 0.02000,	 0.51995
0.59137,	 0.02000,	 0.52066
0.59207,	 0.02000,	 0.52136
0.59278,	 0.02000,	 0.52207
0.57793,	 0.02100,	 0.50722
0.57864,	 0.02100,	 0.50793
0.57934,	 0.02100,	 0.50863
0.58005,	 0.02100,	 0.50934
0.58076,	 0.02100,	 0.51005
0.58147,	 0.02100,	 0.51076
0.58217,	 0.02100,	 0.51146
0.58288,	 0.02100,	 0.51217
0.58359,	 0.02100,	 0.51288
0.58429,	 0.02100,	 0.51358
0.58500,	 0.02100,	 0.51429
0.58571,	 0.02100,	 0.51500
0.58642,	 0.02100,	 0.51571
0.58712,	 0.02100,	 0.51641
0.58783,	 0.02100,	 0.51712
0.58854,	 0.02100,	 0.51783
0.58924,	 0.02100,	 0.51853
0.58995,	 0.02100,	 0.51924
0.59066,	 0.02100,	 0.51995
0.59137,	 0.02100,	 0.52066
0.59207,	 0.02100,	 0.52136
0.59278,	 0.02100,	 0.52207
0.57793,	 0.02200,	 0.50722
0.57864,	 0.02200,	 0.50793
0.57934,	 0.02200,	 0.50863
0.58005,	 0.02200,	 0.50934
0.58076,	 0.02200,	 0.51005
0.58147,	 0.02200,	 0.51076
0.58217,	 0.02200,	 0.51146
0.58288,	 0.02200,	 0.51217
0.58359,	 0.02200,	 0.51288
0.58429,	 0.02200,	 0.51358
0.58500,	 0.02200,	 0.51429
0.58571,	 0.02200,	 0.51500
0.58642,	 0.02200,	 0.51571
0.58712,	 0.02200,	 0.51641
0.58783,	 0.02200,	 0.51712
0.58854,	 0.02200,	 0.51783
0.58924,	 0.02200,	 0.51853
0.58995,	 0.02200,	 0.51924
0.59066,	 0.02200,	 0.51995
0.59137,	 0.02200,	 0.52066
0.59207,	 0.02200,	 0.52136
0.59278,	 0.02200,	 0.52207
0.57793,	 0.02300,	 0.50722
0.57864,	 0.02300,	 0.50793
0.57934,	 0.02300,	 0.50863
0.58005,	 0.02300,	 0.50934
0.58076,	 0.02300,	 0.51005
0.58147,	 0.02300,	 0.51076
0.58217,	 0.02300,	 0.51146
0.58288,	 0.02300,	 0.51217
0.58359,	 0.02300,	 0.51288
0.58429,	 0.02300,	 0.51358
0.58500,	 0.02300,	 0.51429
0.58571,	 0.02300,	 0.51500
0.58642,	 0.02300,	 0.51571
0.58712,	 0.02300,	 0.51641
0.58783,	 0.02300,	 0.51712
0.58854,	 0.02300,	 0.51783
0.58924,	 0.02300,	 0.51853
0.58995,	 0.02300,	 0.51924
0.59066,	 0.02300,	 0.51995
0.59137,	 0.02300,	 0.52066
0.59207,	 0.02300,	 0.52136
0.59278,	 0.02300,	 0.52207
0.57793,	 0.02400,	 0.50722
0.57864,	 0.02400,	 0.50793
0.57934,	 0.02400,	 0.50863
0.58005,	 0.02400,	 0.50934
0.58076,	 0.02400,	 0.51005
0.58147,	 0.02400,	 0.51076
0.58217,	 0.02400,	 0.51146
0.58288,	 0.02400,	 0.51217
0.58359,	 0.02400,	 0.51288
0.58429,	 0.02400,	 0.51358
0.58500,	 0.02400,	 0.51429
0.58571,	 0.02400,	 0.51500
0.58642,	 0.02400,	 0.51571
0.58712,	 0.02400,	 0.51641
0.58783,	 0.02400,	 0.51712
0.58854,	 0.02400,	 0.51783
0.58924,	 0.02400,	 0.51853
0.58995,	 0.02400,	 0.51924
0.59066,	 0.02400,	 0.51995
0.59137,	 0.02400,	 0.52066
0.59207,	 0.02400,	 0.52136
0.59278,	 0.02400,	 0.52207
0.57793,	 0.02500,	 0.50722
0.57864,	 0.02500,	 0.50793
0.57934,	 0.02500,	 0.50863
0.58005,	 0.02500,	 0.50934
0.58076,	 0.02500,	 0.51005
0.58147,	 0.02500,	 0.51076
0.58217,	 0.02500,	 0.51146
0.58288,	 0.02500,	 0.51217
0.58359,	 0.02500,	 0.51288
0.58429,	 0.02500,	 0.51358
0.58500,	 0.02500,	 0.51429
0.58571,	 0.02500,	 0.51500
0.58642,	 0.02500,	 0.51571
0.58712,	 0.02500,	 0.51641
0.58783,	 0.02500,	 0.51712
0.58854,	 0.02500,	 0.51783
0.58924,	 0.02500,	 0.51853
0.58995,	 0.02500,	 0.51924
0.59066,	 0.02500,	 0.51995
0.59137,	 0.02500,	 0.52066
0.59207,	 0.02500,	 0.52136
0.59278,	 0.02500,	 0.52207
0.57793,	 0.02600,	 0.50722
0.57864,	 0.02600,	 0.50793
0.57934,	 0.02600,	 0.50863
0.58005,	 0.02600,	 0.50934
0.58076,	 0.02600,	 0.51005
0.58147,	 0.02600,	 0.51076
0.58217,	 0.02600,	 0.51146
0.58288,	 0.02600,	 0.51217
0.58359,	 0.02600,	 0.51288
0.58429,	 0.02600,	 0.51358
0.58500,	 0.02600,	 0.51429
0.58571,	 0.02600,	 0.51500
0.58642,	 0.02600,	 0.51571
0.58712,	 0.02600,	 0.51641
0.58783,	 0.02600,	 0.51712
0.58854,	 0.02600,	 0.51783
0.58924,	 0.02600,	 0.51853
0.58995,	 0.02600,	 0.51924
0.59066,	 0.02600,	 0.51995
0.59137,	 0.02600,	 0.52066
0.59207,	 0.02600,	 0.52136
0.59278,	 0.02600,	 0.52207
0.57793,	 0.02700,	 0.50722
0.57864,	 0.02700,	 0.50793
0.57934,	 0.02700,	 0.50863
0.58005,	 0.02700,	 0.50934
0.58076,	 0.02700,	 0.51005
0.58147,	 0.02700,	 0.51076
0.58217,	 0.02700,	 0.51146
0.58288,	 0.02700,	 0.51217
0.58359,	 0.02700,	 0.51288
0.58429,	 0.02700,	 0.51358
0.58500,	 0.02700,	 0.51429
0.58571,	 0.02700,	 0.51500
0.58642,	 0.02700,	 0.51571
0.58712,	 0.02700,	 0.51641
0.58783,	 0.02700,	 0.51712
0.58854,	 0.02700,	 0.51783
0.58924,	 0.02700,	 0.51853
0.58995,	 0.02700,	 0.51924
0.59066,	 0.02700,	 0.51995
0.59137,	 0.02700,	 0.52066
0.59207,	 0.02700,	 0.52136
0.59278,	 0.02700,	 0.52207
0.57793,	 0.02800,	 0.50722
0.57864,	 0.02800,	 0.50793
0.57934,	 0.02800,	 0.50863
0.58005,	 0.02800,	 0.50934
0.58076,	 0.02800,	 0.51005
0.58147,	 0.02800,	 0.51076
0.58217,	 0.02800,	 0.51146
0.58288,	 0.02800,	 0.51217
0.58359,	 0.02800,	 0.51288
0.58429,	 0.02800,	 0.51358
0.58500,	 0.02800,	 0.51429
0.58571,	 0.02800,	 0.51500
0.58642,	 0.02800,	 0.51571
0.58712,	 0.02800,	 0.51641
0.58783,	 0.02800,	 0.51712
0.58854,	 0.02800,	 0.51783
0.58924,	 0.02800,	 0.51853
0.58995,	 0.02800,	 0.51924
0.59066,	 0.02800,	 0.51995
0.59137,	 0.02800,	 0.52066
0.59207,	 0.02800,	 0.52136
0.59278,	 0.02800,	 0.52207
